pelvis_tilt.offset                  	-0.04662192	-0.046243909	0.0010646371	
hip_flexion_r.offset                	0.14691439	0.14629222	0.0012732376	
knee_angle_r.offset                 	0.036006298	0.034779653	0.0011343602	
ankle_angle_r.offset                	0.087838907	0.085842048	0.0011823152	
hip_flexion_l.offset                	0.0028573296	0.0025012241	0.0011174031	
knee_angle_l.offset                 	0.082704414	0.083458585	0.0011773714	
ankle_angle_l.offset                	0.001636609	0.0019682031	0.0012110407	
leg0_l.stance_load_threshold        	0.16959146	0.16933203	0.0011470011	
leg1_r.stance_load_threshold        	0.17600428	0.17609339	0.0011234743	
S11111.tib_ant_l.KL                 	1.6025663	1.6210533	0.01339178	
S11111.tib_ant_l.L0                 	0.83039787	0.82615033	0.0029888624	
S11111.tib_ant_l-soleus_l.KF        	-0.2375327	-0.24090245	0.0038024832	
S11111.tib_ant_r.KL                 	1.5037713	1.4829238	0.013369424	
S11111.tib_ant_r.L0                 	0.76890223	0.76386216	0.0031340338	
S11111.tib_ant_r-soleus_r.KF        	-0.27234872	-0.27150457	0.0036015736	
S00111.soleus_l.KF                  	0.95614026	0.95586171	0.0071379097	
S00111.gastroc_l.KF                 	1.517052	1.5148033	0.0073426105	
S00111.soleus_r.KF                  	1.0249495	1.0239449	0.0072936984	
S00111.gastroc_r.KF                 	1.325763	1.3229634	0.0068233722	
S00011.vasti_l.KF                   	1.1227391	1.1202577	0.0071628812	
S00011.vasti_l.C0                   	0.02862894	0.02929661	0.00078406121	
S00011.vasti_l-knee_angle.pos_max   	-0.097321788	-0.099026391	0.001873614	
S00011.hamstrings_l-pelvis_tilt_l.KP	0.87747519	0.88694644	0.019688229	
S00011.hamstrings_l-pelvis_tilt_l.KV	0.51691143	0.51848091	0.0030295005	
S00011.hamstrings_l-pelvis_tilt_l.C0	-0.0092746976	-0.0095114258	0.0011190904	
S00011.glut_max_l-pelvis_tilt_l.KP  	0.87219719	0.86486428	0.020461408	
S00011.glut_max_l-pelvis_tilt_l.KV  	0.73300574	0.73433373	0.003858745	
S00011.glut_max_l-pelvis_tilt_l.C0  	-0.034966288	-0.035200438	0.0013001443	
S00011.iliopsoas_l-pelvis_tilt_l.KP 	-1.5957233	-1.5928641	0.02598793	
S00011.iliopsoas_l-pelvis_tilt_l.KV 	-0.72108907	-0.72370087	0.0028013209	
S00011.iliopsoas_l-pelvis_tilt_l.C0 	0.1659239	0.16799178	0.0013362187	
S00011.vasti_r.KF                   	0.92558578	0.92501209	0.0075106206	
S00011.vasti_r.C0                   	0.052686402	0.052873588	0.0008124707	
S00011.vasti_r-knee_angle.pos_max   	-0.077767866	-0.079239748	0.0017997981	
S00011.hamstrings_r-pelvis_tilt_r.KP	0.98077467	1.0167717	0.019616508	
S00011.hamstrings_r-pelvis_tilt_r.KV	0.55747927	0.56113834	0.0029846726	
S00011.hamstrings_r-pelvis_tilt_r.C0	-0.018778458	-0.017563734	0.0011009605	
S00011.glut_max_r-pelvis_tilt_r.KP  	0.69569552	0.69408753	0.02085286	
S00011.glut_max_r-pelvis_tilt_r.KV  	0.73853032	0.73698524	0.0037899055	
S00011.glut_max_r-pelvis_tilt_r.C0  	-0.012528242	-0.012448146	0.001329562	
S00011.iliopsoas_r-pelvis_tilt_r.KP 	-2.0003351	-1.9851959	0.025620934	
S00011.iliopsoas_r-pelvis_tilt_r.KV 	-0.74427711	-0.74010363	0.0028929232	
S00011.iliopsoas_r-pelvis_tilt_r.C0 	0.18868344	0.19063276	0.0013285811	
S00100.iliopsoas_l.C0               	0.51309101	0.51115609	0.0035490725	
S00100.glut_max_l.C0                	-0.21009767	-0.21175	0.0027198201	
S00100.iliopsoas_r.C0               	0.4750084	0.47407777	0.0034953805	
S00100.glut_max_r.C0                	-0.25593184	-0.25560167	0.0027079632	
S11000.iliopsoas_l.KL               	0.12696677	0.12648942	0.003619543	
S11000.iliopsoas_l.L0               	0.092981901	0.097563911	0.0072199197	
S11000.iliopsoas_l-pelvis_tilt_l.P0 	-0.14034514	-0.13909969	0.0012192364	
S11000.iliopsoas_l-pelvis_tilt_l.KP 	0.7695681	0.76674441	0.01330761	
S11000.iliopsoas_l-pelvis_tilt_l.KV 	0.24297838	0.24389268	0.0030461509	
S11000.iliopsoas_l-hamstrings_l.KL  	-1.0105863	-1.0725886	0.034426678	
S11000.iliopsoas_l-hamstrings_l.L0  	0.96002796	0.96845424	0.0058276126	
S11000.hamstrings_l.KF              	-0.31307828	-0.31761992	0.0082519422	
S11000.glut_max_l.KF                	0.45158458	0.45232206	0.0043579163	
S11000.iliopsoas_r.KL               	0.14191943	0.14479565	0.0037618771	
S11000.iliopsoas_r.L0               	0.24655479	0.23828259	0.0073975133	
S11000.iliopsoas_r-pelvis_tilt_r.P0 	-0.12677873	-0.12554246	0.0012387021	
S11000.iliopsoas_r-pelvis_tilt_r.KP 	0.80928254	0.82500168	0.012976914	
S11000.iliopsoas_r-pelvis_tilt_r.KV 	0.23101329	0.23689836	0.0031206739	
S11000.iliopsoas_r-hamstrings_r.KL  	-0.76128956	-0.770652	0.033130132	
S11000.iliopsoas_r-hamstrings_r.L0  	0.9881335	0.9929511	0.005572809	
S11000.hamstrings_r.KF              	-0.3318323	-0.34725944	0.0083486702	
S11000.glut_max_r.KF                	0.41496929	0.42034365	0.0044192464	
