generation	best_fitness	median_fitness	predicted_fitness	fitness_progress
0	0.597325	3.1763	0	0
1	0.599179	0.654664	1.52579	-0.00309295
2	0.59747	0.655472	0.63365	-0.000121118
3	0.601189	39.9142	1.17416	-0.00191115
4	0.597163	14.2598	0.681294	-0.000278724
5	0.597719	20.3366	0.635473	-0.000126389
6	0.597114	3.23155	0.52555	0.000239555
7	0.596757	9.82276	0.41842	0.000596618
8	0.59666	3.20127	0.471799	0.000417799
9	0.596747	6.22065	0.527222	0.000232391
10	0.596435	5.9071	0.526948	0.000232764
11	0.595775	41.1121	0.518161	0.000261547
12	0.596234	38.4535	0.522863	0.000245512
13	0.598121	9.5494	0.532306	0.000213724
14	0.597412	5.86546	0.536443	0.000199718
15	0.595456	3.16795	0.532051	0.000213769
16	0.595192	0.599923	0.522277	0.000245633
17	0.595409	5.82148	0.522125	0.000245679
18	0.594194	5.68937	0.516101	0.000265105
19	0.594105	3.14444	0.50974	0.000285405
20	0.595352	6.6088	0.515784	0.000265175
21	0.594536	0.649067	0.509444	0.000285465
22	0.59183	15.5639	0.508254	0.00028886
23	0.59419	5.77093	0.508041	0.000289041
24	0.592991	3.23675	0.502114	0.000307754
25	0.593259	33.277	0.497865	0.000321063
26	0.593394	11.9898	0.498005	0.000320117
27	0.59339	29.5958	0.499488	0.00031468
28	0.593631	21.3293	0.501198	0.000308532
29	0.595055	5.88001	0.503769	0.000299744
30	0.592415	0.648111	0.502385	0.000303629
31	0.593813	0.596038	0.504147	0.000297432
32	0.594247	18.0048	0.506159	0.000290472
33	0.594487	12.3175	0.506318	0.000289459
34	0.593667	3.14438	0.506736	0.000287584
35	0.592913	5.97402	0.508626	0.000280974
36	0.593286	14.8901	0.51083	0.0002735
37	0.593169	5.75106	0.513129	0.000265726
38	0.592218	0.652261	0.515409	0.000257924
39	0.593364	17.7931	0.516426	0.000254255
40	0.592727	17.2748	0.517687	0.000249768
41	0.592779	0.643114	0.518649	0.000246275
42	0.595197	15.3395	0.521501	0.0002368
43	0.592369	33.5813	0.52437	0.000227246
44	0.592045	38.0797	0.528305	0.000214486
45	0.593076	62.8609	0.52882	0.000212517
46	0.592438	31.5859	0.529481	0.000210032
47	0.592341	29.122	0.531491	0.000203316
48	0.592944	8.50573	0.532953	0.000198316
49	0.592987	14.7354	0.533559	0.000196061
50	0.644881	6.53574	0.534427	0.00019304
51	0.591024	6.61435	0.533326	0.0001961
52	0.592008	28.743	0.534198	0.000193077
53	0.590322	15.1681	0.533093	0.000196138
54	0.589426	51.5465	0.532245	0.000198434
55	0.589077	6.30975	0.531407	0.00020066
56	0.589446	16.9627	0.530908	0.000201886
57	0.588614	6.17603	0.529868	0.000204747
58	0.589955	51.2831	0.529011	0.000207069
59	0.641342	49.286	0.529625	0.000204789
60	0.64495	47.8318	0.530428	0.000201967
61	0.645264	0.654321	0.530692	0.000200781
62	0.646832	41.8452	0.531302	0.000198592
63	0.597069	44.7092	0.532514	0.000194494
64	0.649115	11.5587	0.534825	0.000186958
65	0.65002	12.7086	0.536661	0.000180897
66	0.64612	37.0557	0.53754	0.00017783
67	0.649703	16.906	0.538504	0.000174555
68	0.648923	5.74448	0.539202	0.000172331
69	0.651817	10.0228	0.539936	0.000169709
70	0.654994	0.66251	0.540865	0.000166529
71	0.650628	3.28103	0.542109	0.000162515
72	0.651852	22.1632	0.544685	0.000154557
73	0.59858	0.658552	0.546118	0.000149799
74	0.653285	45.6577	0.548738	0.000141407
75	0.597574	6.22546	0.549657	0.000138318
76	0.648012	44.3718	0.551451	0.0001325
77	0.647989	3.44192	0.552988	0.000127586
78	0.596875	32.6102	0.555254	0.000120543
79	0.650164	0.655341	0.557041	0.000115172
80	0.598831	5.69493	0.558293	0.000111396
81	0.596999	28.4247	0.559665	0.000107035
82	0.598557	37.7494	0.563607	9.50736e-05
83	0.646685	38.2297	0.5653	9.01005e-05
84	0.597589	12.0126	0.567046	8.491e-05
85	0.5953	3.32143	0.568491	8.09056e-05
86	0.596433	12.4997	0.572092	7.07003e-05
87	0.645966	28.7027	0.578338	5.21393e-05
88	0.648376	63.6205	0.579517	4.87558e-05
89	0.649235	12.1625	0.580955	4.46882e-05
90	0.648833	5.86126	0.585101	3.28025e-05
91	0.648644	5.85327	0.588932	2.142e-05
92	0.603309	3.25085	0.594651	5.14136e-06
93	0.601349	0.65917	0.597736	-4.00546e-06
94	0.650603	5.87524	0.604712	-2.52041e-05
95	0.596687	6.38625	0.60954	-4.01124e-05
96	0.650396	0.658022	0.611644	-4.6011e-05
97	0.599298	8.93573	0.612286	-4.78865e-05
98	0.598183	0.656968	0.612853	-4.94435e-05
99	0.598553	10.8027	0.613948	-5.27572e-05
100	0.598853	16.9681	0.618848	-6.78991e-05
101	0.598417	32.1834	0.620417	-7.22826e-05
102	0.650376	7.61998	0.620776	-7.31837e-05
103	0.599019	17.3285	0.622071	-7.70112e-05
104	0.598292	0.654922	0.625482	-8.80434e-05
105	0.649139	32.6624	0.627519	-9.36462e-05
106	0.599048	0.658154	0.627578	-9.41865e-05
107	0.599195	0.657758	0.628741	-9.76498e-05
108	0.597173	10.1617	0.627587	-9.41939e-05
109	0.59628	19.4739	0.629031	-9.82683e-05
110	0.598606	43.2787	0.628569	-9.68613e-05
111	0.598366	7.67263	0.628149	-9.55626e-05
112	0.596982	8.44615	0.627738	-9.41744e-05
113	0.646319	6.42212	0.629474	-9.91441e-05
114	0.59686	9.43856	0.628966	-9.76276e-05
115	0.596903	15.624	0.629995	-0.000100576
116	0.598284	3.13925	0.63013	-0.00010087
117	0.598111	6.23566	0.629667	-9.94811e-05
118	0.599423	27.5442	0.630421	-0.00010163
119	0.598105	8.8656	0.629523	-9.90097e-05
120	0.600502	5.78143	0.630543	-0.000101619
121	0.600219	36.6896	0.630456	-0.000101278
122	0.599841	12.1653	0.629998	-9.97652e-05
123	0.602123	5.87908	0.630757	-0.000101814
124	0.599141	5.79263	0.630904	-0.000102244
125	0.599826	0.654505	0.630459	-0.00010073
126	0.60214	0.656482	0.631844	-0.000104645
127	0.600077	12.0993	0.632089	-0.000105336
128	0.604263	20.9297	0.632735	-0.000106747
129	0.600061	0.654472	0.632325	-0.000105659
130	0.600971	17.489	0.632571	-0.000105937
131	0.599975	11.6275	0.632035	-0.000104398
132	0.600365	8.97159	0.632217	-0.000104922
133	0.598428	0.652825	0.631179	-0.000101606
134	0.597518	0.653507	0.631009	-0.000100933
135	0.598675	0.626317	0.6304	-9.89111e-05
136	0.599098	17.8093	0.629582	-9.63214e-05
137	0.5974	3.14499	0.629166	-9.50274e-05
138	0.597725	28.4554	0.628642	-9.34712e-05
139	0.595006	3.15402	0.627694	-9.03179e-05
140	0.597739	14.1391	0.627416	-8.9258e-05
141	0.59732	5.66942	0.625462	-8.31701e-05
142	0.597316	3.21153	0.624925	-8.13207e-05
143	0.597399	4.5601	0.622872	-7.4804e-05
144	0.596992	35.4138	0.622316	-7.28968e-05
145	0.593527	3.29422	0.621057	-6.8984e-05
146	0.595507	5.84875	0.62057	-6.74646e-05
147	0.598743	6.19187	0.618954	-6.30259e-05
148	0.593924	0.650487	0.61807	-6.05316e-05
149	0.595153	0.646632	0.617046	-5.73083e-05
