pelvis_tilt.offset                  	-0.054886113	-0.054962284	0.0003382729	
hip_flexion_r.offset                	0.14987867	0.14982597	0.00041708885	
knee_angle_r.offset                 	0.018726356	0.018775108	0.00038100005	
ankle_angle_r.offset                	0.083675618	0.083609554	0.00037890545	
hip_flexion_l.offset                	-0.0022742547	-0.002485716	0.00035338924	
knee_angle_l.offset                 	0.073767796	0.073866939	0.00037480351	
ankle_angle_l.offset                	0.012699062	0.013100547	0.00038760271	
leg0_l.stance_load_threshold        	0.16482565	0.16467002	0.000365378	
leg1_r.stance_load_threshold        	0.17413815	0.17389892	0.00036011172	
S11111.tib_ant_l.KL                 	1.5847614	1.5920603	0.0042155811	
S11111.tib_ant_l.L0                 	0.81975491	0.81963626	0.00094458307	
S11111.tib_ant_l-soleus_l.KF        	-0.28196147	-0.28109548	0.0012224716	
S11111.tib_ant_r.KL                 	1.5610121	1.563089	0.0041469718	
S11111.tib_ant_r.L0                 	0.75032595	0.75037566	0.0010027937	
S11111.tib_ant_r-soleus_r.KF        	-0.27704229	-0.27725859	0.0011715274	
S00111.soleus_l.KF                  	0.99758623	1.0006568	0.0022951304	
S00111.gastroc_l.KF                 	1.5193732	1.5204523	0.0022991427	
S00111.soleus_r.KF                  	1.0148718	1.0109361	0.0022260781	
S00111.gastroc_r.KF                 	1.3924579	1.3922257	0.002191586	
S00011.vasti_l.KF                   	1.2285366	1.2273469	0.0022765156	
S00011.vasti_l.C0                   	0.032472293	0.032100851	0.00024508146	
S00011.vasti_l-knee_angle.pos_max   	-0.097355651	-0.097663662	0.00061050628	
S00011.hamstrings_l-pelvis_tilt_l.KP	0.66723664	0.66627235	0.0060393133	
S00011.hamstrings_l-pelvis_tilt_l.KV	0.46501616	0.46463927	0.00099471413	
S00011.hamstrings_l-pelvis_tilt_l.C0	-0.016928995	-0.016998904	0.00036253246	
S00011.glut_max_l-pelvis_tilt_l.KP  	0.8714294	0.8667131	0.0065361105	
S00011.glut_max_l-pelvis_tilt_l.KV  	0.73464914	0.73616059	0.0012355169	
S00011.glut_max_l-pelvis_tilt_l.C0  	-0.029402509	-0.029117861	0.0004144301	
S00011.iliopsoas_l-pelvis_tilt_l.KP 	-1.6653095	-1.6701012	0.0080846819	
S00011.iliopsoas_l-pelvis_tilt_l.KV 	-0.70746545	-0.707962	0.00093551743	
S00011.iliopsoas_l-pelvis_tilt_l.C0 	0.18352673	0.18368081	0.00044120969	
S00011.vasti_r.KF                   	1.0794788	1.0789188	0.0025660906	
S00011.vasti_r.C0                   	0.056291946	0.056128723	0.00026192199	
S00011.vasti_r-knee_angle.pos_max   	-0.074184179	-0.074677143	0.00055964678	
S00011.hamstrings_r-pelvis_tilt_r.KP	1.1208939	1.1271133	0.0060268018	
S00011.hamstrings_r-pelvis_tilt_r.KV	0.53246534	0.53257892	0.00097587591	
S00011.hamstrings_r-pelvis_tilt_r.C0	-0.02074797	-0.021461074	0.00034286411	
S00011.glut_max_r-pelvis_tilt_r.KP  	0.8950759	0.90430769	0.006728596	
S00011.glut_max_r-pelvis_tilt_r.KV  	0.70734508	0.70745426	0.0012412998	
S00011.glut_max_r-pelvis_tilt_r.C0  	-0.017193662	-0.016632056	0.00043209599	
S00011.iliopsoas_r-pelvis_tilt_r.KP 	-1.8110042	-1.8065496	0.0079792361	
S00011.iliopsoas_r-pelvis_tilt_r.KV 	-0.74138797	-0.74041452	0.0009630895	
S00011.iliopsoas_r-pelvis_tilt_r.C0 	0.18645323	0.18696826	0.00043641123	
S00100.iliopsoas_l.C0               	0.49023877	0.4897612	0.0011671846	
S00100.glut_max_l.C0                	-0.21974724	-0.21943493	0.00087701619	
S00100.iliopsoas_r.C0               	0.4745646	0.47303184	0.0011326774	
S00100.glut_max_r.C0                	-0.27054297	-0.27090107	0.00087181261	
S11000.iliopsoas_l.KL               	0.11659517	0.11466784	0.0011523697	
S11000.iliopsoas_l.L0               	0.16446303	0.16354286	0.0022965019	
S11000.iliopsoas_l-pelvis_tilt_l.P0 	-0.12632778	-0.12637196	0.0003936937	
S11000.iliopsoas_l-pelvis_tilt_l.KP 	0.82629872	0.82700593	0.0042615943	
S11000.iliopsoas_l-pelvis_tilt_l.KV 	0.24847025	0.24981691	0.0010035536	
S11000.iliopsoas_l-hamstrings_l.KL  	-1.4332964	-1.4375665	0.010863628	
S11000.iliopsoas_l-hamstrings_l.L0  	0.97147374	0.97346495	0.0018241976	
S11000.hamstrings_l.KF              	-0.27312595	-0.27260212	0.0026458344	
S11000.glut_max_l.KF                	0.43279003	0.43449642	0.0013814201	
S11000.iliopsoas_r.KL               	0.13525306	0.13482096	0.0011937982	
S11000.iliopsoas_r.L0               	0.21449487	0.2084602	0.0023634825	
S11000.iliopsoas_r-pelvis_tilt_r.P0 	-0.12266776	-0.12308143	0.00039796127	
S11000.iliopsoas_r-pelvis_tilt_r.KP 	0.85607794	0.85317566	0.0041272491	
S11000.iliopsoas_r-pelvis_tilt_r.KV 	0.26536618	0.26452709	0.0010188959	
S11000.iliopsoas_r-hamstrings_r.KL  	-0.46427828	-0.47318368	0.010320596	
S11000.iliopsoas_r-hamstrings_r.L0  	0.99564983	0.99456161	0.00172022	
S11000.hamstrings_r.KF              	-0.29449488	-0.29630031	0.0026887332	
S11000.glut_max_r.KF                	0.45714464	0.45854988	0.0014245215	
