generation	best_fitness	median_fitness	predicted_fitness	fitness_progress
0	9.25086	10.7351	0	0
1	9.32251	10.2319	45.1482	-0.00768586
2	8.66345	18.3301	-138.187	0.0333362
3	8.92963	11.0076	-67.0157	0.016835
4	9.07723	28.8501	-12.6257	0.00474777
5	9.34709	11.9292	83.087	-0.0164171
6	9.08481	9.86721	47.0758	-0.00837383
7	8.90523	31.4334	3.08503	0.00131357
8	9.56932	11.0942	32.5946	-0.00512731
9	9.26006	10.5357	23.1911	-0.00305752
10	9.16618	17.6891	15.5141	-0.00139376
11	9.04633	9.93838	10.3349	-0.000263609
12	9.38739	14.179	16.4887	-0.00160027
13	9.17976	17.1791	14.0177	-0.00105816
14	9.07172	10.7968	8.92824	5.14998e-05
15	9.41466	27.3654	14.037	-0.00105705
16	9.24102	12.926	13.4663	-0.000928433
17	8.98793	16.8294	11.4603	-0.000493892
18	9.33024	12.0852	13.4833	-0.000927572
19	8.99935	10.9016	11.4693	-0.000493648
20	9.29842	12.2814	13.2249	-0.000867842
21	9.53539	18.0659	15.2649	-0.00129979
22	9.48218	15.802	15.7443	-0.00139872
23	9.30415	11.0759	15.556	-0.00135517
24	9.01691	18.072	15.0906	-0.00125352
25	8.97289	21.4632	13.8402	-0.000983984
26	9.29659	17.9465	14.0003	-0.00101842
27	8.8232	14.1425	12.6811	-0.000736338
28	9.00102	15.5661	10.777	-0.000337678
29	8.69038	25.8147	9.0816	1.92496e-05
30	9.12502	10.0774	9.44573	-5.86312e-05
31	9.26396	41.8382	9.07439	2.06894e-05
32	8.8082	16.0582	8.32582	0.000175835
33	8.62825	18.0179	7.01648	0.00045192
34	8.86339	21.2804	6.4069	0.000576967
35	9.05778	9.56607	6.41635	0.000575742
36	8.7502	32.0561	5.79886	0.00070258
37	8.97905	28.2681	5.60535	0.000741758
38	8.64818	35.8236	5.10109	0.000846695
39	8.86034	17.5057	4.75511	0.00091722
40	9.63169	17.8087	5.40434	0.000780697
41	9.45882	12.8351	5.59413	0.00073951
42	9.00363	14.4326	5.85563	0.000684233
43	9.15529	17.8783	6.22562	0.000607281
44	9.17511	13.2164	6.33681	0.000583316
45	9.33565	11.5451	6.62266	0.000522993
46	9.49042	11.8669	7.17912	0.000406665
47	9.30705	11.2505	7.44872	0.000352566
48	9.55261	10.4214	7.758	0.000288749
49	9.07668	18.0862	7.75978	0.000288011
50	9.34982	22.1018	7.92839	0.000251901
51	9.13906	11.9774	7.99989	0.00023807
52	8.90993	17.2875	7.86198	0.000264917
53	8.65613	9.60117	7.61758	0.000316061
54	8.73032	14.5441	7.52998	0.000333308
55	8.75448	17.3398	7.4163	0.000354416
56	8.88376	18.1703	6.87782	0.00046114
57	8.55102	14.912	6.28084	0.000584015
58	8.85295	12.1211	6.26244	0.000585707
59	8.81365	34.6417	6.13714	0.000610246
60	9.01109	12.6593	6.24311	0.000587891
61	8.88612	10.3058	6.15594	0.000604437
62	8.85549	29.8836	5.97579	0.000641353
63	8.95995	31.3478	6.11601	0.000610924
64	9.05358	21.4301	6.12907	0.000608089
65	8.58	17.4547	6.10495	0.000611298
66	8.90322	14.1246	6.11805	0.000608459
67	8.94897	21.6454	6.35497	0.000559258
68	8.94693	30.9994	6.64623	0.000498705
69	8.99	18.0392	6.9471	0.000437116
70	8.94347	10.0528	6.98377	0.000429829
71	8.80974	14.7868	6.98411	0.000428163
72	9.25625	37.9171	7.02478	0.000419604
73	8.93093	9.68991	7.08961	0.000405308
74	9.00263	16.1667	7.13487	0.000395173
75	8.99035	17.9151	7.28077	0.000363346
76	8.76972	17.3124	7.19439	0.000381013
77	8.85467	38.8036	7.16882	0.000385589
78	8.96182	28.0393	7.24927	0.00036815
79	8.86331	17.6635	7.24221	0.000368906
80	8.7529	9.91713	7.07111	0.000404048
81	8.6724	10.4994	6.94256	0.000429654
82	9.10105	25.7269	7.0638	0.000404211
83	8.81932	17.8392	6.91913	0.000432984
84	8.55682	16.1646	6.65322	0.000485154
85	8.75028	17.3569	6.58984	0.000497093
86	8.77539	21.2274	6.50263	0.000513159
87	8.85118	9.38187	6.58198	0.00049712
88	8.67454	9.59853	6.49116	0.000513859
89	8.99293	17.6395	6.46973	0.00051791
90	8.73507	15.8682	6.42411	0.000526208
91	8.74313	9.2922	6.28259	0.000554514
92	8.65788	13.402	6.07689	0.000595432
93	8.59805	17.2697	6.08534	0.000592605
94	8.78025	17.4588	6.18338	0.000572452
95	8.91127	17.2204	6.26063	0.000555548
96	8.91164	10.6511	6.37904	0.000530552
97	8.81614	13.7817	6.37514	0.000530718
98	9.0358	9.72981	6.48382	0.000507663
99	9.14223	10.8735	6.57238	0.000489919
100	9.092	9.86138	6.59211	0.000485327
101	8.9653	11.3546	6.65422	0.000472535
102	8.6544	9.67598	6.61434	0.000479534
103	8.75391	17.6745	6.62631	0.000475973
104	9.03208	14.6394	6.73009	0.000455237
105	8.72055	9.38848	6.65228	0.000469197
106	8.80082	17.1786	6.74297	0.000451304
107	8.68623	21.2886	6.64922	0.000468332
108	8.79836	14.1487	6.73486	0.000451508
109	8.6993	9.27301	6.67175	0.000462307
110	8.69914	17.9323	6.65282	0.000464548
111	8.64477	10.5018	6.62201	0.00046953
112	8.88354	10.6407	6.6445	0.000464764
113	8.99164	18.0035	6.70801	0.000452129
114	8.70243	10.2064	6.63617	0.00046498
115	8.75844	11.9859	6.70498	0.000451318
116	8.69711	9.50893	6.68285	0.000453856
117	8.81034	13.8317	6.69182	0.000452536
118	8.86467	9.11406	6.74426	0.000442824
119	8.89371	17.0415	6.77314	0.000436373
120	8.70754	10.7026	6.75844	0.00043844
121	8.74343	14.4907	6.7783	0.00043392
122	8.75609	11.1149	6.81592	0.000425625
123	8.70744	23.8039	6.8037	0.000427219
124	8.77068	10.7406	6.81225	0.000424981
125	8.61954	15.364	6.77766	0.00043121
126	8.84637	11.3107	6.80465	0.000425162
127	8.7671	9.51419	6.81181	0.000423515
128	8.82482	10.799	6.85162	0.000415485
129	8.92368	9.44085	6.88197	0.00040888
130	8.71961	10.1397	6.91129	0.000402483
131	8.72252	9.44241	6.99166	0.000385036
132	8.77683	13.2006	6.99737	0.000383675
133	8.48672	9.08577	6.98478	0.000385185
134	8.60985	9.27406	6.89689	0.000402807
135	8.78355	10.4704	6.9779	0.000385333
136	8.7317	9.32498	6.99284	0.000382056
137	8.48383	10.2535	6.97102	0.000385482
138	8.64664	11.9106	6.97084	0.000384373
139	8.6952	17.0467	6.97411	0.000383539
140	8.64713	18.2283	6.97753	0.00038165
141	8.48066	21.6317	6.96147	0.000383936
142	8.56872	11.6796	6.94902	0.000385442
143	8.76981	12.0644	6.95463	0.000384083
144	8.62367	11.0983	6.9621	0.000381424
145	8.64428	17.7695	6.94977	0.000383133
146	8.86873	16.4384	6.98623	0.000375354
147	8.59398	9.22759	6.95326	0.000381181
148	8.76876	14.2056	6.98797	0.000373914
149	8.60794	8.9571	6.97569	0.000375562
