generation	best_fitness	median_fitness	predicted_fitness	fitness_progress
0	9.92612	18.7738	0	0
1	9.55909	11.2526	-173.956	0.038396
2	10.2136	18.8494	82.0765	-0.0141718
3	10.1049	11.9	60.9958	-0.0100986
4	10.5902	12.6717	93.6659	-0.016145
5	10.6349	11.455	93.6785	-0.0160532
6	9.24617	11.6688	81.8199	-0.0136335
7	9.60201	11.4838	60.5734	-0.00974285
8	10.018	12.517	27.9795	-0.00352349
9	9.90242	11.3944	1.26835	0.001733
10	10.0461	11.6019	0.883684	0.00180803
11	9.8365	12.1677	-2.6098	0.0024968
12	9.75565	12.4976	-2.90249	0.00255438
13	9.83154	11.2831	-5.1864	0.00300397
14	9.67461	11.0136	-6.94011	0.00335098
15	9.35395	10.6071	-8.07677	0.00357625
16	9.32078	10.7548	-13.5403	0.00466069
17	9.81698	38.9944	-8.14781	0.00358908
18	10.0008	11.185	-7.07352	0.00337359
19	9.4901	11.2734	-8.21885	0.00360201
20	10.7029	11.7212	-7.14023	0.00338501
21	10.52	11.601	-5.42608	0.0030405
22	9.6777	11.1212	-3.06747	0.00256768
23	9.0264	10.7083	-6.3554	0.00322426
24	9.67524	10.7554	-3.11815	0.00257429
25	9.92879	19.122	-0.446942	0.00204179
26	9.93823	11.3997	0.856022	0.00178124
27	9.93938	39.4084	2.47704	0.00145784
28	9.42878	11.9205	0.914961	0.00176574
29	9.12459	10.7385	-0.00200081	0.00194592
30	9.40835	15.1902	-0.830933	0.00210877
31	9.23419	11.4749	-0.0517702	0.00195204
32	9.10703	11.1262	-2.60804	0.00245975
33	9.51948	11.9982	-0.0899191	0.00195585
34	9.85654	11.4678	0.763732	0.00178452
35	9.84369	11.873	0.909685	0.00175372
36	9.3875	12.0944	0.841846	0.00176531
37	9.39403	12.2403	1.28003	0.00167654
38	9.43999	10.9851	1.44485	0.00164218
39	9.37364	11.0353	0.935626	0.00174117
40	9.16409	10.7697	0.521836	0.00182136
41	9.58388	44.1792	0.618891	0.00180028
42	9.08647	11.6549	0.486505	0.00182469
43	9.15753	18.964	0.332058	0.00185347
44	9.52276	12.8559	0.451173	0.00182802
45	9.33148	10.3734	0.706808	0.00177554
46	9.66116	17.9389	0.890862	0.00173729
47	9.97414	25.4413	1.04965	0.00170414
48	9.42552	11.5693	1.69853	0.00157382
49	9.44862	10.9396	2.06954	0.00149847
50	9.60833	28.5702	2.07658	0.00149535
51	9.76032	29.3032	2.5483	0.0014013
52	9.9183	15.6837	3.07672	0.00129585
53	10.1834	15.3085	3.55862	0.00120079
54	10.1324	10.7123	4.17716	0.00107841
55	9.94746	17.8895	5.03741	0.00090922
56	9.3253	38.3476	4.89099	0.000936193
57	9.41301	15.4457	5.22359	0.000868534
58	9.52532	18.2786	5.37283	0.000837545
59	9.6698	31.8027	5.84352	0.000745368
60	10.21	45.0831	6.03359	0.000708455
61	10.142	37.8466	6.37377	0.000643109
62	9.24522	40.1603	6.37285	0.000639176
63	9.86752	16.0001	6.57923	0.000600322
64	9.78538	12.392	6.85398	0.000546517
65	9.98864	11.35	7.14884	0.000490433
66	9.5265	31.9155	7.18708	0.000483423
67	10.1044	19.7371	7.36047	0.000448313
68	10.2403	11.9915	7.65237	0.000391175
69	10.0764	11.8911	8.21093	0.00028613
70	9.51801	10.5462	8.17582	0.000292207
71	9.81544	17.2914	8.60011	0.000210934
72	10.2259	31.5857	9.34213	6.5958e-05
73	9.88537	18.516	9.93161	-4.07649e-05
74	9.28454	18.3434	9.34085	6.59623e-05
75	9.48103	13.9022	9.37297	5.81626e-05
76	9.63037	28.461	9.55441	2.30035e-05
77	9.26158	17.6869	9.30519	6.93969e-05
78	9.61264	22.9702	9.69907	-4.48262e-06
79	9.28314	10.2442	9.36207	5.82214e-05
80	9.31997	23.8817	9.23186	8.25333e-05
81	9.08793	10.635	8.71547	0.000180677
82	9.38878	32.0059	8.95436	0.00013384
83	9.27466	10.5349	8.54811	0.000209057
84	9.29886	10.2637	8.40989	0.000234221
85	9.34137	12.0677	8.2909	0.000255863
86	9.21505	10.3016	7.9861	0.000311997
87	10.0307	44.1071	8.28597	0.000255928
88	9.56624	11.0963	8.51476	0.000213327
89	8.87234	10.291	8.28104	0.000255994
90	9.30027	11.0296	7.9741	0.000312192
91	9.17647	10.7886	7.75763	0.000351804
92	9.44065	12.1724	7.85141	0.000332817
93	10.1578	25.3457	8.0578	0.000293428
94	9.26844	10.4842	7.84503	0.000332927
95	9.19624	17.2572	7.74259	0.000352108
96	9.51467	10.5798	7.83864	0.000333038
97	9.33878	10.3697	7.78861	0.000341928
98	9.27865	11.3982	7.71788	0.00035501
99	9.04905	10.7494	7.66441	0.000364397
100	9.06122	18.0763	7.46418	0.000400965
101	9.07905	12.2018	7.31533	0.00042721
102	9.15417	45.3398	7.1747	0.000452299
103	8.57087	14.8374	6.91602	0.000500233
104	9.01012	23.88	6.83229	0.000514038
105	8.80879	11.5831	6.74805	0.000529103
106	8.80421	10.9962	6.63576	0.000548511
107	8.70418	9.76591	6.48811	0.000575406
108	8.65409	12.0289	6.41753	0.000587741
109	8.79289	10.035	6.27641	0.000613084
110	9.0134	41.6248	6.11404	0.000643237
111	9.62417	23.9512	6.26476	0.00061346
112	8.8109	9.97051	6.07413	0.00064914
113	8.81136	10.2136	5.96133	0.0006691
114	8.92389	29.0254	5.8964	0.000679004
115	9.41887	39.3519	5.80721	0.000696596
116	8.81263	9.95938	5.72198	0.000709951
117	8.68848	12.7343	5.67069	0.000718516
118	9.37709	18.4222	5.69056	0.000713951
119	9.32869	10.6802	5.748	0.00070391
120	8.91104	10.4803	5.67306	0.000715234
121	8.91946	14.8932	5.40197	0.000766192
122	9.2506	18.7889	5.40427	0.000765083
123	9.34392	10.8955	5.40263	0.000764818
124	9.5001	10.7699	5.70677	0.000708865
125	9.73566	11.4188	5.71836	0.000705862
126	9.67721	11.0557	5.77891	0.000693418
127	8.96871	10.1025	5.70498	0.00070636
128	9.39077	11.0179	5.76577	0.000693899
129	9.11871	9.81607	5.70033	0.00070593
130	9.2632	11.6804	5.76533	0.000692926
131	9.17425	9.92385	5.57036	0.000728383
132	9.08553	11.3351	5.51776	0.000737166
133	9.0889	9.98491	5.52803	0.000734387
134	9.02897	10.7159	5.53115	0.000732922
135	8.85728	10.4067	5.33447	0.000768066
136	9.33607	13.8796	5.41369	0.000752706
137	9.10366	11.2417	5.51161	0.000733568
138	9.14451	10.1676	5.51905	0.000731273
139	9.12231	11.1967	5.54072	0.00072649
140	9.04821	12.381	5.56397	0.000721592
141	9.11617	10.0192	5.58459	0.000717384
142	9.80186	18.0073	5.60492	0.000713177
143	9.58837	10.152	5.67151	0.000700266
144	9.49062	9.78358	5.74345	0.000686357
145	9.32277	11.8281	5.80093	0.000675516
146	9.42894	10.0266	5.82593	0.00067061
147	9.40198	10.303	5.89	0.000657913
148	9.26342	11.222	6.00363	0.000635422
149	9.03946	9.67346	6.08055	0.00062097
