generation	best_fitness	median_fitness	predicted_fitness	fitness_progress
0	18.2638	45.6861	0	0
1	17.9749	41.173	-126.472	0.0160721
2	17.9317	54.5225	-65.1076	0.00921905
3	18.0132	42.7398	-3.68043	0.00240426
4	17.064	18.8934	-65.4398	0.00930483
5	16.9668	34.213	-110.883	0.0146229
6	16.325	17.6298	-128.734	0.0168426
7	16.5562	42.8991	-117.21	0.0155245
8	16.0301	17.2618	-131.828	0.0173286
9	16.1513	17.3829	-117.744	0.0157693
10	16.1026	20.0334	-112.152	0.0151695
11	15.8453	28.1478	-108.443	0.0147698
12	15.5521	38.5876	-98.8638	0.0136734
13	15.5178	16.5135	-85.7522	0.0121798
14	15.3807	27.8157	-85.4895	0.0121726
15	15.4496	16.4688	-76.1294	0.0111144
16	14.5751	29.2009	-80.6764	0.0117093
17	14.6343	16.5812	-84.2948	0.012193
18	14.4978	27.1452	-83.7843	0.0121752
19	14.5587	15.6467	-81.2181	0.0119179
20	14.1878	28.2109	-80.1168	0.0118279
21	14.6393	26.7483	-78.825	0.0117086
22	14.1572	15.6923	-77.735	0.0116109
23	13.5296	15.4831	-78.4379	0.011753
24	14.6515	15.7109	-78.1013	0.0117473
25	14.3078	15.6642	-76.7012	0.0116045
26	13.6891	14.9319	-75.0735	0.0114231
27	13.6649	14.5349	-73.5991	0.0112696
28	12.643	14.9101	-75.4269	0.0115551
29	13.3551	14.2783	-73.9461	0.011398
30	13.9153	39.4453	-71.7603	0.01115
31	12.4727	14.887	-72.2816	0.0112647
32	13.0239	14.7126	-70.4522	0.0110558
33	13.3477	15.3749	-66.9663	0.0106018
34	13.0428	14.4467	-64.9847	0.0103565
35	13.1206	14.555	-63.5512	0.0101864
36	12.2398	14.9965	-62.1128	0.0100191
37	13.4628	39.2645	-61.7121	0.00999166
38	11.9355	15.2889	-61.9058	0.0100512
39	12.4682	13.7213	-59.7783	0.00978507
40	12.0311	15.0474	-59.5381	0.00977875
41	11.4669	13.8043	-58.2502	0.00965434
42	11.7035	13.5112	-56.7994	0.00947813
43	12.1818	35.8891	-56.3034	0.00943241
44	12.1673	14.3825	-55.8944	0.00939735
45	11.972	13.5891	-54.4598	0.00922816
46	12.9596	42.7235	-54.1994	0.0092144
47	11.9248	13.5961	-53.2936	0.00909225
48	11.6569	42.228	-52.5386	0.00898983
49	11.2491	14.7074	-51.7692	0.00889663
50	11.7567	14.8521	-51.0364	0.00880841
51	11.1911	13.2787	-51.1265	0.00884168
52	11.8731	25.6574	-49.7494	0.00867594
53	11.5068	13.3652	-48.6824	0.00854388
54	12.4833	32.3415	-48.1029	0.00847126
55	11.6855	29.1711	-47.6334	0.00841501
56	11.5942	13.5167	-46.3989	0.00825235
57	10.7636	13.9378	-45.4053	0.00814464
58	11.8676	12.8095	-44.8884	0.00808815
59	11.5644	13.7777	-44.7355	0.00808151
60	11.3357	13.2121	-43.8217	0.00796545
61	11.2621	13.215	-43.0742	0.0078771
62	11.5551	25.4937	-42.6804	0.00783269
63	11.3327	13.6338	-42.3287	0.00779023
64	10.7788	12.6671	-41.2962	0.00764782
65	9.89171	12.9256	-41.4287	0.00768587
66	10.3131	24.9034	-40.2033	0.00750502
67	11.2604	26.1433	-39.2393	0.00737782
68	11.1273	13.9652	-38.7679	0.00731604
69	11.7331	13.2693	-38.4469	0.00727775
70	11.7599	14.2588	-38.2424	0.00725589
71	11.2193	13.8047	-38.1344	0.00724905
72	11.1309	13.2708	-37.261	0.00712221
73	10.7265	13.6235	-36.8336	0.00706186
74	10.1334	13.3998	-36.4412	0.00700734
75	10.879	12.9953	-35.3349	0.00686028
76	9.33425	13.2953	-35.2291	0.00686596
77	11.1848	57.9944	-34.6651	0.00678327
78	10.6515	12.8368	-34.1004	0.00671374
79	10.7744	12.5814	-33.5456	0.00664076
80	10.581	15.9296	-33.2919	0.00660827
81	10.7399	19.5584	-33.0133	0.00657495
82	11.6485	16.271	-32.4476	0.00650452
83	12.3313	13.6273	-31.0717	0.00631237
84	10.9466	13.42	-30.203	0.00617817
85	10.8026	13.0708	-29.9022	0.006136
86	11.3865	13.6477	-29.4464	0.00606635
87	11.2633	30.5843	-29.0038	0.00600921
88	9.83177	13.259	-27.8768	0.0058379
89	10.9074	13	-25.6512	0.00554023
90	11.1302	12.8839	-24.8403	0.00543083
91	10.056	15.903	-24.3486	0.00536002
92	11.0421	13.5412	-23.9876	0.00531301
93	11.1884	12.0357	-23.7281	0.00528188
94	10.774	12.2856	-23.3981	0.00523904
95	11.1411	24.4946	-22.7118	0.00513009
96	11.0063	12.69	-21.2934	0.00493119
97	10.8722	12.3528	-19.5012	0.0046719
98	10.8483	24.5121	-18.5428	0.00454212
99	10.9564	12.1525	-17.3931	0.00437241
100	10.8187	19.2138	-16.7976	0.00428197
101	11.8463	21.9732	-16.5786	0.00424908
102	10.4696	12.5889	-16.2545	0.00419962
103	10.5921	12.2293	-15.3631	0.00405895
104	10.3212	13.0395	-14.7015	0.00396307
105	10.9029	15.6337	-13.4224	0.00376967
106	11.1772	12.9138	-13.0769	0.00371563
107	11.0054	15.8164	-12.6109	0.00364488
108	10.4268	12.3336	-11.9038	0.00353775
109	10.9787	18.0889	-11.5971	0.00349294
110	11.3015	12.4824	-11.0617	0.00341577
111	9.78476	11.6479	-11.2401	0.00344053
112	10.9366	28.7438	-10.8368	0.00338329
113	10.0701	17.934	-10.5046	0.0033356
114	10.0157	12.1923	-9.66262	0.00321606
115	9.91167	15.3923	-9.96211	0.00325962
116	10.5199	12.9151	-9.62289	0.00320851
117	10.5481	12.3518	-9.34598	0.0031686
118	10.6649	11.9156	-8.9222	0.00310468
119	9.92558	12.0577	-8.82776	0.00308972
120	9.64405	12.5827	-9.02402	0.00311819
121	10.3682	11.9489	-8.50443	0.00303966
122	9.63029	12.9258	-8.54586	0.00304706
123	9.5117	27.8423	-8.71288	0.00307191
124	10.4542	36.9972	-8.23427	0.00299991
125	9.96616	12.7749	-7.94756	0.00295657
126	10.1732	12.6094	-7.64549	0.0029117
127	9.53758	12.0359	-7.54476	0.00289674
128	9.78544	11.5991	-7.43573	0.00287894
129	9.46565	21.932	-7.44574	0.00288083
130	9.84657	11.4644	-7.22622	0.00284689
131	9.78343	12.1347	-7.10463	0.0028277
132	9.25602	38.4272	-7.26699	0.0028513
133	10.2002	11.8009	-6.88754	0.00279266
134	9.27339	11.8922	-7.03747	0.00281436
135	8.91477	11.7896	-7.38078	0.00286581
136	8.91393	36.3431	-7.60065	0.0028993
137	9.24646	11.2589	-7.71225	0.00291507
138	9.8098	22.3742	-7.35294	0.00285965
139	9.65561	11.8623	-7.22312	0.00283896
140	9.84598	12.0337	-6.93781	0.00279348
141	9.89074	11.5515	-6.75164	0.00276548
142	10.1459	11.7694	-6.54527	0.00273472
143	10.2166	11.9443	-6.48261	0.00272479
144	10.3346	12.0882	-6.33864	0.00270239
145	9.78828	11.6571	-6.18404	0.00267866
146	9.74146	12.0787	-5.79247	0.00261953
147	9.88173	10.8277	-5.60933	0.00259094
148	9.28252	11.5077	-5.6791	0.00260071
149	9.80238	12.1552	-5.51147	0.00257426
