pelvis_tilt.offset                  	-0.042447518	-0.042217819	0.00037079045	
hip_flexion_r.offset                	0.13886763	0.13792617	0.00039213421	
knee_angle_r.offset                 	0.043335429	0.042783765	0.00035504893	
ankle_angle_r.offset                	0.067211695	0.06744746	0.00037086723	
hip_flexion_l.offset                	0.0072468636	0.0069574835	0.00035556888	
knee_angle_l.offset                 	0.05655841	0.05651446	0.00035834339	
ankle_angle_l.offset                	-0.013532357	-0.013131788	0.00038088605	
leg0_l.stance_load_threshold        	0.16768855	0.16779456	0.00037031508	
leg1_r.stance_load_threshold        	0.16768855	0.16779456	0.00037031508	
S11111.tib_ant_l.KL                 	1.6491413	1.6535184	0.0041579783	
S11111.tib_ant_l.L0                 	0.81063189	0.80998043	0.00099723945	
S11111.tib_ant_l-soleus_l.KF        	-0.26307219	-0.26205421	0.0011614043	
S11111.tib_ant_r.KL                 	1.6491413	1.6535184	0.0041579783	
S11111.tib_ant_r.L0                 	0.81063189	0.80998043	0.00099723945	
S11111.tib_ant_r-soleus_r.KF        	-0.26307219	-0.26205421	0.0011614043	
S00111.soleus_l.KF                  	0.93291753	0.93172502	0.0023910331	
S00111.gastroc_l.KF                 	1.2691744	1.2672786	0.0021926896	
S00111.soleus_r.KF                  	0.93291753	0.93172502	0.0023910331	
S00111.gastroc_r.KF                 	1.2691744	1.2672786	0.0021926896	
S00011.vasti_l.KF                   	1.0102342	1.0110178	0.0023360832	
S00011.vasti_l.C0                   	0.043902379	0.043886146	0.00024197154	
S00011.vasti_l-knee_angle.pos_max   	-0.086717191	-0.08671468	0.00060507411	
S00011.hamstrings_l-pelvis_tilt_l.KP	0.89874454	0.89834656	0.0064688965	
S00011.hamstrings_l-pelvis_tilt_l.KV	0.48868027	0.48979199	0.00092468447	
S00011.hamstrings_l-pelvis_tilt_l.C0	-0.016198221	-0.016011404	0.00035351119	
S00011.glut_max_l-pelvis_tilt_l.KP  	1.180938	1.1705142	0.0067295376	
S00011.glut_max_l-pelvis_tilt_l.KV  	0.71981139	0.71860301	0.0012718446	
S00011.glut_max_l-pelvis_tilt_l.C0  	-0.015554633	-0.015455635	0.00041057273	
S00011.iliopsoas_l-pelvis_tilt_l.KP 	-2.5422332	-2.5549568	0.0075387389	
S00011.iliopsoas_l-pelvis_tilt_l.KV 	-0.72368909	-0.72411883	0.00090407769	
S00011.iliopsoas_l-pelvis_tilt_l.C0 	0.19786111	0.19846148	0.00040908727	
S00011.vasti_r.KF                   	1.0102342	1.0110178	0.0023360832	
S00011.vasti_r.C0                   	0.043902379	0.043886146	0.00024197154	
S00011.vasti_r-knee_angle.pos_max   	-0.086717191	-0.08671468	0.00060507411	
S00011.hamstrings_r-pelvis_tilt_r.KP	0.89874454	0.89834656	0.0064688965	
S00011.hamstrings_r-pelvis_tilt_r.KV	0.48868027	0.48979199	0.00092468447	
S00011.hamstrings_r-pelvis_tilt_r.C0	-0.016198221	-0.016011404	0.00035351119	
S00011.glut_max_r-pelvis_tilt_r.KP  	1.180938	1.1705142	0.0067295376	
S00011.glut_max_r-pelvis_tilt_r.KV  	0.71981139	0.71860301	0.0012718446	
S00011.glut_max_r-pelvis_tilt_r.C0  	-0.015554633	-0.015455635	0.00041057273	
S00011.iliopsoas_r-pelvis_tilt_r.KP 	-2.5422332	-2.5549568	0.0075387389	
S00011.iliopsoas_r-pelvis_tilt_r.KV 	-0.72368909	-0.72411883	0.00090407769	
S00011.iliopsoas_r-pelvis_tilt_r.C0 	0.19786111	0.19846148	0.00040908727	
S00100.iliopsoas_l.C0               	0.48237155	0.48267928	0.0011797436	
S00100.glut_max_l.C0                	-0.22572018	-0.22447675	0.00090092087	
S00100.iliopsoas_r.C0               	0.48237155	0.48267928	0.0011797436	
S00100.glut_max_r.C0                	-0.22572018	-0.22447675	0.00090092087	
S11000.iliopsoas_l.KL               	0.13721808	0.1376862	0.0011512468	
S11000.iliopsoas_l.L0               	0.19179885	0.19113047	0.0021684081	
S11000.iliopsoas_l-pelvis_tilt_l.P0 	-0.12068618	-0.12072117	0.00036488165	
S11000.iliopsoas_l-pelvis_tilt_l.KP 	1.0168304	1.0126739	0.0042474967	
S11000.iliopsoas_l-pelvis_tilt_l.KV 	0.27635819	0.27584192	0.0010398614	
S11000.iliopsoas_l-hamstrings_l.KL  	-0.53801659	-0.52646297	0.011078073	
S11000.iliopsoas_l-hamstrings_l.L0  	0.84651704	0.8474011	0.0017520111	
S11000.hamstrings_l.KF              	-0.40113074	-0.4007756	0.0023714507	
S11000.glut_max_l.KF                	0.43248838	0.43169349	0.001372045	
S11000.iliopsoas_r.KL               	0.13721808	0.1376862	0.0011512468	
S11000.iliopsoas_r.L0               	0.19179885	0.19113047	0.0021684081	
S11000.iliopsoas_r-pelvis_tilt_r.P0 	-0.12068618	-0.12072117	0.00036488165	
S11000.iliopsoas_r-pelvis_tilt_r.KP 	1.0168304	1.0126739	0.0042474967	
S11000.iliopsoas_r-pelvis_tilt_r.KV 	0.27635819	0.27584192	0.0010398614	
S11000.iliopsoas_r-hamstrings_r.KL  	-0.53801659	-0.52646297	0.011078073	
S11000.iliopsoas_r-hamstrings_r.L0  	0.84651704	0.8474011	0.0017520111	
S11000.hamstrings_r.KF              	-0.40113074	-0.4007756	0.0023714507	
S11000.glut_max_r.KF                	0.43248838	0.43169349	0.001372045	
