generation	best_fitness	median_fitness	predicted_fitness	fitness_progress
0	0.551012	7.53496	0	0
1	0.549298	0.551763	-0.308055	0.00312163
2	0.549395	0.551744	0.145127	0.0014706
3	0.549327	0.552245	0.515383	0.000123572
4	0.549855	0.550686	0.556861	-2.70682e-05
5	0.54961	0.551337	0.585303	-0.00012992
6	0.549562	0.55149	0.559362	-3.56679e-05
7	0.549287	0.552022	0.525618	8.65528e-05
8	0.549055	0.551449	0.496946	0.000190105
9	0.549139	12.9923	0.484398	0.000235317
10	0.549157	0.551113	0.496986	0.00018944
11	0.549306	3.232	0.525784	8.49072e-05
12	0.549424	0.550557	0.532103	6.19447e-05
13	0.548983	0.550607	0.527227	7.93719e-05
14	0.549399	6.29175	0.532035	6.19485e-05
15	0.548757	0.550328	0.529154	7.21359e-05
16	0.548945	0.550755	0.530619	6.67345e-05
17	0.549059	0.550944	0.532432	6.01185e-05
18	0.548935	0.549526	0.534149	5.3849e-05
19	0.548476	0.549903	0.531372	6.3668e-05
20	0.548801	0.550108	0.530481	6.67218e-05
21	0.548699	0.550221	0.528728	7.28683e-05
22	0.54872	0.549889	0.528715	7.28051e-05
23	0.548775	0.550313	0.529805	6.87575e-05
24	0.548791	0.551091	0.530168	6.73306e-05
25	0.548826	5.77421	0.530542	6.58807e-05
26	0.548696	0.549755	0.53107	6.3927e-05
27	0.548467	0.549307	0.530469	6.5885e-05
28	0.548476	0.549234	0.52964	6.86878e-05
29	0.548657	0.54928	0.530397	6.58893e-05
30	0.548687	0.549871	0.53093	6.39352e-05
31	0.548945	0.550026	0.531575	6.16041e-05
32	0.548923	0.549684	0.532788	5.72244e-05
33	0.548811	5.67883	0.533812	5.34857e-05
34	0.548661	0.549122	0.534368	5.14557e-05
35	0.548606	0.549162	0.534692	5.0257e-05
36	0.548344	0.548982	0.534311	5.14584e-05
37	0.548472	3.19009	0.534637	5.02595e-05
38	0.548483	0.550395	0.535278	4.78948e-05
39	0.548458	0.549601	0.535622	4.66248e-05
40	0.548229	0.548912	0.535307	4.76083e-05
41	0.548293	0.549256	0.535273	4.76364e-05
42	0.548346	0.549162	0.535612	4.6388e-05
43	0.548411	0.549389	0.535742	4.58374e-05
44	0.548317	0.548989	0.535834	4.54444e-05
45	0.548453	3.05884	0.536096	4.44637e-05
46	0.548181	0.54871	0.535836	4.52734e-05
47	0.548367	0.548871	0.536139	4.41462e-05
48	0.548189	0.548862	0.535926	4.48015e-05
49	0.547963	0.548771	0.535657	4.56179e-05
50	0.548146	0.548837	0.535575	4.58128e-05
51	0.54791	0.548351	0.535545	4.58331e-05
52	0.548206	0.548528	0.535536	4.57774e-05
53	0.547972	0.548199	0.535491	4.58479e-05
54	0.547971	0.54851	0.535428	4.59801e-05
55	0.547975	3.05461	0.535324	4.62519e-05
56	0.548174	0.548574	0.535367	4.60218e-05
57	0.548101	0.548862	0.535361	4.59531e-05
58	0.547827	0.548492	0.535236	4.62984e-05
59	0.548078	0.549149	0.535311	4.59552e-05
60	0.548033	0.548618	0.535324	4.58233e-05
61	0.548109	0.548395	0.535344	4.56712e-05
62	0.547852	0.548479	0.535363	4.5528e-05
63	0.548083	0.548575	0.535418	4.52585e-05
64	0.547956	0.549367	0.535526	4.48402e-05
65	0.548092	0.549094	0.535741	4.40322e-05
66	0.548086	5.62881	0.535853	4.35978e-05
67	0.547973	0.548737	0.535916	4.3301e-05
68	0.548058	0.548614	0.536068	4.27013e-05
69	0.548165	0.54854	0.536283	4.19178e-05
70	0.548097	0.548548	0.536332	4.1706e-05
71	0.548165	0.548562	0.536385	4.14785e-05
72	0.547996	0.548468	0.536517	4.09784e-05
73	0.548085	0.548416	0.536671	4.03705e-05
74	0.547687	0.548564	0.536629	4.04306e-05
75	0.547518	0.547995	0.536523	4.07081e-05
76	0.547591	0.54815	0.536413	4.09828e-05
77	0.547546	0.548399	0.536289	4.13168e-05
78	0.547241	0.548024	0.536219	4.14798e-05
79	0.547431	0.548192	0.536175	4.15159e-05
80	0.54728	0.548096	0.535973	4.20846e-05
81	0.547522	0.548379	0.536128	4.15177e-05
82	0.547054	0.548187	0.535927	4.20864e-05
83	0.54754	5.61513	0.536083	4.15195e-05
84	0.547424	5.59458	0.536021	4.16212e-05
85	0.547325	0.548257	0.535905	4.19295e-05
86	0.547503	3.05851	0.535975	4.1623e-05
87	0.547357	0.548005	0.535892	4.18194e-05
88	0.547391	0.5478	0.535962	4.15157e-05
89	0.547482	0.54765	0.536028	4.12444e-05
90	0.547254	0.547923	0.535917	4.15175e-05
91	0.547303	0.54871	0.535982	4.12461e-05
92	0.547173	0.547651	0.535871	4.15192e-05
93	0.547137	0.547586	0.535791	4.17062e-05
94	0.547182	0.547832	0.535799	4.16004e-05
95	0.547061	0.547477	0.535697	4.18617e-05
96	0.547016	3.10405	0.535613	4.20696e-05
97	0.547115	3.07162	0.535643	4.18905e-05
98	0.547158	3.10656	0.535668	4.17238e-05
99	0.547085	0.547825	0.535666	4.166e-05
100	0.546948	0.547486	0.535543	4.20005e-05
101	0.547105	5.64713	0.53562	4.16617e-05
102	0.547212	0.548906	0.535632	4.15534e-05
103	0.547175	0.547586	0.535632	4.14842e-05
104	0.547081	0.547641	0.535655	4.13442e-05
105	0.547044	0.547756	0.535657	4.12676e-05
106	0.546822	10.6225	0.535609	4.13459e-05
107	0.5471	35.4659	0.535612	4.12693e-05
108	0.547067	5.75008	0.535678	4.10003e-05
109	0.547136	3.1079	0.535726	4.07783e-05
110	0.547246	17.4386	0.535757	4.06054e-05
111	0.547178	0.547726	0.535766	4.05095e-05
112	0.546932	3.11345	0.535822	4.02431e-05
113	0.547319	0.547941	0.535852	4.00923e-05
114	0.547007	0.547428	0.535865	3.99846e-05
115	0.547155	0.547681	0.535857	3.994e-05
116	0.546839	0.54745	0.535861	3.98673e-05
117	0.547072	0.547681	0.535972	3.94673e-05
118	0.546975	0.547509	0.536029	3.9235e-05
119	0.546911	0.547159	0.536051	3.90979e-05
