pelvis_tilt.offset                  	-0.036373303	-0.036706177	0.00064450038	
hip_flexion_r.offset                	0.15100086	0.15097211	0.00078110403	
knee_angle_r.offset                 	0.039854094	0.039969825	0.00067686572	
ankle_angle_r.offset                	0.080487269	0.0790779	0.00071290857	
hip_flexion_l.offset                	-0.0018063204	-0.0020355365	0.00067621495	
knee_angle_l.offset                 	0.074085414	0.07484984	0.00068298264	
ankle_angle_l.offset                	4.8972706e-05	-5.0798034e-05	0.00071824513	
leg0_l.stance_load_threshold        	0.17466264	0.17512873	0.00067949927	
leg1_r.stance_load_threshold        	0.17396534	0.17345001	0.00066326839	
S11111.tib_ant_l.KL                 	1.7504225	1.7346346	0.0078591816	
S11111.tib_ant_l.L0                 	0.7778407	0.77989811	0.0018318041	
S11111.tib_ant_l-soleus_l.KF        	-0.2448297	-0.24808489	0.0022569399	
S11111.tib_ant_r.KL                 	1.5652815	1.570779	0.0078501975	
S11111.tib_ant_r.L0                 	0.72548655	0.72739356	0.001868575	
S11111.tib_ant_r-soleus_r.KF        	-0.24283897	-0.24692405	0.0021532454	
S00111.soleus_l.KF                  	1.0340535	1.034901	0.0042391311	
S00111.gastroc_l.KF                 	1.4117767	1.4197802	0.0043607699	
S00111.soleus_r.KF                  	0.99880864	1.0081619	0.0043252212	
S00111.gastroc_r.KF                 	1.4378214	1.4384256	0.0041934464	
S00011.vasti_l.KF                   	1.160136	1.1573878	0.0042005974	
S00011.vasti_l.C0                   	0.02172808	0.02163369	0.00045163046	
S00011.vasti_l-knee_angle.pos_max   	-0.088286209	-0.086921563	0.001076915	
S00011.hamstrings_l-pelvis_tilt_l.KP	0.64449015	0.63907723	0.011448003	
S00011.hamstrings_l-pelvis_tilt_l.KV	0.49531101	0.49591367	0.0018099452	
S00011.hamstrings_l-pelvis_tilt_l.C0	-0.018009444	-0.018033967	0.00065186792	
S00011.glut_max_l-pelvis_tilt_l.KP  	1.2138393	1.2004452	0.012449207	
S00011.glut_max_l-pelvis_tilt_l.KV  	0.72824419	0.72982022	0.0023403223	
S00011.glut_max_l-pelvis_tilt_l.C0  	-0.048392692	-0.048413237	0.00077245073	
S00011.iliopsoas_l-pelvis_tilt_l.KP 	-1.3659988	-1.3585401	0.015658609	
S00011.iliopsoas_l-pelvis_tilt_l.KV 	-0.68645121	-0.6881601	0.0017125851	
S00011.iliopsoas_l-pelvis_tilt_l.C0 	0.16691913	0.1678866	0.00078470454	
S00011.vasti_r.KF                   	0.97887685	0.97921577	0.0045223765	
S00011.vasti_r.C0                   	0.059576933	0.059247219	0.00048210983	
S00011.vasti_r-knee_angle.pos_max   	-0.075882902	-0.07565922	0.0010485456	
S00011.hamstrings_r-pelvis_tilt_r.KP	1.2092439	1.1861235	0.011436187	
S00011.hamstrings_r-pelvis_tilt_r.KV	0.5430687	0.54547704	0.0017699643	
S00011.hamstrings_r-pelvis_tilt_r.C0	-0.0066520232	-0.0063838151	0.00066190975	
S00011.glut_max_r-pelvis_tilt_r.KP  	0.49960779	0.5167331	0.012562012	
S00011.glut_max_r-pelvis_tilt_r.KV  	0.7326263	0.73652666	0.002259534	
S00011.glut_max_r-pelvis_tilt_r.C0  	-0.013599449	-0.013228525	0.00082258581	
S00011.iliopsoas_r-pelvis_tilt_r.KP 	-2.128662	-2.1332006	0.015234428	
S00011.iliopsoas_r-pelvis_tilt_r.KV 	-0.79066779	-0.78886391	0.0016863019	
S00011.iliopsoas_r-pelvis_tilt_r.C0 	0.19319362	0.19348122	0.00081203089	
S00100.iliopsoas_l.C0               	0.50399719	0.50007361	0.0021034976	
S00100.glut_max_l.C0                	-0.2085455	-0.2102827	0.0016211359	
S00100.iliopsoas_r.C0               	0.50914695	0.50800354	0.0020580514	
S00100.glut_max_r.C0                	-0.26272955	-0.26090029	0.0016521343	
S11000.iliopsoas_l.KL               	0.073687845	0.0721323	0.0023067359	
S11000.iliopsoas_l.L0               	0.09643226	0.099385703	0.0042858202	
S11000.iliopsoas_l-pelvis_tilt_l.P0 	-0.12385217	-0.12398865	0.0007234731	
S11000.iliopsoas_l-pelvis_tilt_l.KP 	0.81574167	0.81908621	0.0077896703	
S11000.iliopsoas_l-pelvis_tilt_l.KV 	0.24743115	0.24544023	0.001788733	
S11000.iliopsoas_l-hamstrings_l.KL  	-0.92273323	-0.94857281	0.020655026	
S11000.iliopsoas_l-hamstrings_l.L0  	0.99556665	0.99899391	0.0034862329	
S11000.hamstrings_l.KF              	-0.2801278	-0.27436976	0.0048730389	
S11000.glut_max_l.KF                	0.5015418	0.50154501	0.0025873688	
S11000.iliopsoas_r.KL               	0.1287033	0.1293433	0.0022221426	
S11000.iliopsoas_r.L0               	0.22520457	0.22491949	0.0044150567	
S11000.iliopsoas_r-pelvis_tilt_r.P0 	-0.11090796	-0.11224304	0.00074504474	
S11000.iliopsoas_r-pelvis_tilt_r.KP 	0.87795713	0.86788275	0.0077423375	
S11000.iliopsoas_r-pelvis_tilt_r.KV 	0.28096712	0.27978469	0.0018763418	
S11000.iliopsoas_r-hamstrings_r.KL  	-0.68928284	-0.6990239	0.019023388	
S11000.iliopsoas_r-hamstrings_r.L0  	0.9932983	0.99010896	0.003184903	
S11000.hamstrings_r.KF              	-0.37960914	-0.38108932	0.0048312193	
S11000.glut_max_r.KF                	0.46224985	0.4650625	0.0026503552	
