generation	best_fitness	median_fitness	predicted_fitness	fitness_progress
0	42.7487	64.5267	0	0
1	42.7825	59.3379	59.6683	-0.000789377
2	43.6093	56.1982	258.753	-0.00991577
3	13.5046	57.4082	59.7358	-0.000788754
4	32.0284	55.3226	-1308.02	0.0743469
5	27.555	47.8196	-1820.12	0.105087
6	29.2032	45.409	-1540.44	0.0932415
7	23.4164	40.8176	-1411.9	0.0896281
8	27.2996	51.8137	-1254.69	0.081714
9	33.4963	48.1149	-1058.73	0.0683575
10	17.9916	50.5848	-1164.24	0.0795991
11	34.878	64.5849	-975.452	0.0663601
12	33.9379	59.8007	-568.521	0.0406627
13	26.8946	57.5395	-354.511	0.0248699
14	22.2852	57.3456	-431.187	0.0314829
15	22.1046	43.5998	-419.52	0.0311167
16	25.4644	57.6659	-391.263	0.0292052
17	21.224	58.1692	-383.597	0.0290908
18	20.6844	47.7573	-362.034	0.0281508
19	20.5782	43.6771	-346.617	0.0273096
20	9.14071	37.7972	-387.808	0.030428
21	22.09	57.0691	-348.085	0.0280764
22	8.79563	51.781	-408.151	0.0328277
23	8.46926	43.381	-442.72	0.0361633
24	21.0887	50.6656	-409.851	0.0339419
25	9.01096	42.8489	-446.379	0.0376505
26	8.72375	36.7021	-513.748	0.0442881
27	9.40006	47.9803	-573.69	0.0487272
28	9.50548	54.0763	-553.651	0.0479291
29	9.58787	35.1269	-533.351	0.0472829
30	7.94559	51.5671	-514.264	0.046274
31	8.89284	50.1126	-494.593	0.0460773
32	9.58998	36.7422	-475.692	0.0459828
33	8.58721	51.1695	-467.93	0.0459566
34	8.50271	38.4207	-457.655	0.0457401
35	8.94768	39.0529	-443.291	0.0450067
36	8.23784	34.21	-424.732	0.043751
37	8.54972	20.7558	-412.172	0.0426478
38	8.99781	42.2777	-399.674	0.0415154
39	8.52732	39.7874	-378.156	0.0405822
40	8.25679	35.9368	-344.618	0.037256
41	8.87951	40.1474	-306.243	0.0338447
42	8.94987	21.8044	-267.241	0.0301744
43	8.69008	50.1219	-243.133	0.0281736
44	8.50704	50.0328	-189.294	0.0237174
45	8.73659	25.0977	-172.748	0.022774
46	9.49844	26.0136	-141.627	0.0205849
47	9.40006	28.1172	-105.552	0.0171098
48	8.5833	40.0476	-79.9072	0.0142704
49	8.51233	42.169	-74.514	0.0135466
50	8.61368	33.2801	-71.248	0.0130763
51	8.32235	25.3102	-69.6596	0.0129163
52	7.98337	22.9435	-71.9096	0.0132516
53	7.99252	22.5493	-67.2847	0.0127598
54	8.74013	21.9644	-58.0047	0.0116109
55	8.23768	37.0548	-53.8192	0.0111103
56	8.37921	11.6104	-47.3292	0.0102264
57	8.47967	40.2639	-44.8192	0.00982475
58	8.35027	22.4646	-38.5255	0.00882409
59	7.90841	21.5591	-35.8868	0.00841701
60	7.86293	9.00448	-31.8251	0.00779926
61	7.96543	23.4918	-27.4353	0.00710607
62	7.9465	17.1482	-23.8838	0.00651371
63	8.26816	32.0957	-22.8295	0.00632434
64	7.84011	18.7886	-22.607	0.00627703
65	8.19455	8.96931	-21.6574	0.00611495
66	7.38639	17.2773	-22.4537	0.00626703
67	7.47574	16.1739	-22.5514	0.00631143
68	7.74196	9.036	-21.5124	0.0061162
69	7.63151	9.25253	-22.0074	0.00621122
70	7.86196	20.6445	-20.0253	0.0058542
71	7.71644	9.03615	-19.6835	0.0057971
72	8.19765	22.1286	-18.7577	0.00562519
73	7.78305	9.04287	-17.8265	0.00545743
74	7.97357	16.3082	-16.7747	0.00525539
75	7.76133	14.0843	-16.0966	0.00513052
76	8.22436	19.9807	-15.7682	0.00506747
77	7.67121	8.73087	-15.685	0.00504671
78	7.71902	32.0423	-15.4432	0.00499733
79	7.36844	8.93766	-15.1252	0.00493755
80	7.83226	18.876	-14.7941	0.00487641
81	7.48757	21.5419	-14.6778	0.00485547
82	7.26441	9.05511	-14.5058	0.00482292
83	7.30353	12.7935	-14.3189	0.00478657
84	7.44064	20.5669	-13.9721	0.00471111
85	7.52327	30.7744	-13.6206	0.00464558
86	7.78683	22.2095	-13.591	0.00464161
87	7.61041	34.6433	-13.3335	0.0045926
88	7.04743	11.4757	-13.1667	0.00456278
89	7.06626	24.5727	-12.9353	0.00452614
90	7.00456	8.94241	-12.9359	0.00453317
91	7.62447	36.4699	-12.6224	0.00446622
92	7.00768	34.9172	-12.5138	0.00444498
93	7.1425	24.5973	-12.4263	0.00442895
94	7.45428	31.0824	-12.0032	0.00434026
95	6.76298	26.0722	-12.139	0.00437124
96	6.92579	14.3494	-12.0521	0.00435365
97	7.40194	34.5234	-11.9265	0.00432994
98	7.26577	23.2927	-11.6326	0.00427423
99	6.81307	36.3672	-11.8322	0.00431524
100	6.95606	24.524	-11.7066	0.00429258
101	7.13222	24.0267	-11.552	0.00426107
102	6.7235	24.8139	-11.5331	0.00426167
103	7.06653	23.593	-11.4611	0.00424567
104	6.75187	38.9627	-11.3954	0.00423015
105	7.05126	8.77843	-11.2687	0.00420459
106	6.41598	36.5737	-11.4678	0.00424812
107	6.83123	38.5607	-11.3094	0.00421597
108	6.9911	25.8836	-11.2714	0.00420946
109	7.37909	34.5183	-11.1953	0.00419282
110	6.933	24.2809	-11.1109	0.00417592
111	6.83644	24.3596	-11.0174	0.00415825
112	6.99292	22.8733	-10.7591	0.0041061
113	6.78212	35.144	-10.6262	0.00408041
114	6.69768	15.7139	-10.4821	0.00404814
115	7.00636	8.55152	-10.3952	0.00402949
116	6.5068	37.7834	-10.2091	0.00399034
117	6.74953	15.4438	-9.97987	0.00393907
118	6.24783	44.0797	-10.1249	0.00397448
119	6.60671	24.342	-9.87937	0.00391914
120	5.98317	17.2126	-10.1908	0.00399034
121	6.5557	35.9358	-9.9444	0.00393456
122	6.75042	22.1621	-9.60013	0.00386085
123	6.03384	13.4325	-10.0094	0.00395011
124	6.49241	22.9715	-9.66382	0.00387581
125	6.01304	27.302	-9.79855	0.00390602
126	6.56684	8.25198	-9.69299	0.00388319
127	6.2203	25.4142	-9.56933	0.00385525
128	6.2033	41.7978	-9.42394	0.00382383
129	6.35571	22.8252	-9.39904	0.00381877
130	6.5274	28.6259	-9.25731	0.00378981
131	6.23663	7.54433	-9.23955	0.00378647
132	6.64782	43.5913	-9.22657	0.00378307
133	6.37289	11.1313	-9.12468	0.0037589
134	0.711934	28.1742	-9.28784	0.00379743
135	6.37826	36.0206	-9.18552	0.00377308
136	6.57324	7.56188	-9.12321	0.00375823
137	5.95041	22.2134	-9.16576	0.0037689
138	6.36946	29.8169	-9.08538	0.00375003
139	5.90692	35.9893	-9.01947	0.00373566
140	6.2301	21.8144	-8.98767	0.00372874
141	6.03456	24.4241	-9.00148	0.00373171
142	6.06964	30.3952	-8.92715	0.00371457
143	5.881	21.681	-8.85156	0.00369648
144	5.9982	22.3236	-8.80089	0.00368586
145	6.5749	31.0635	-8.6929	0.00366224
146	6.70984	8.03856	-8.6411	0.00365217
147	6.61188	27.5696	-8.60488	0.00364546
148	6.77637	20.2177	-8.33971	0.00359092
149	5.94793	15.6626	-8.20812	0.00356265
