generation	best_fitness	median_fitness	predicted_fitness	fitness_progress
0	6.76831	28.4388	0	0
1	6.3267	29.7086	-214.477	0.0698007
2	6.55728	35.2192	-46.2006	0.015963
3	6.235	23.5972	-64.5326	0.0220257
4	6.06217	16.8747	-81.5865	0.0277145
5	6.28935	29.411	-63.5702	0.0221153
6	6.17939	36.7409	-43.8395	0.0156062
7	5.90828	15.9223	-39.9473	0.0146472
8	6.12047	26.2606	-28.8284	0.0110975
9	6.22602	6.80958	-18.2347	0.00777562
10	5.99727	27.0345	-13.9336	0.00643725
11	6.73951	35.7395	-9.83249	0.00512989
12	6.65553	38.6406	-8.72754	0.0047789
13	6.70591	41.1235	-5.37312	0.00368448
14	6.45193	21.3941	0.777839	0.00172887
15	6.65405	48.6305	15.0391	-0.00270268
16	6.62615	73.0086	21.8027	-0.00474379
17	6.54712	34.6556	22.1141	-0.00482123
18	6.5369	36.5512	19.1232	-0.0039117
19	6.94305	20.8253	21.6814	-0.0046478
20	6.61099	35.2888	21.2872	-0.00451539
21	6.88026	9.47386	22.0068	-0.0047055
22	6.94991	28.5693	21.9848	-0.00467722
23	6.52116	7.78359	21.7094	-0.00457881
24	6.30923	10.0347	19.2734	-0.00386633
25	6.15152	6.99934	17.4897	-0.00333427
26	6.11307	10.3609	15.4436	-0.00271491
27	0.728892	7.14335	13.4667	-0.00210981
28	5.87821	10.2725	9.30217	-0.0008591
29	6.14681	34.8641	6.08446	9.15547e-05
30	6.14109	7.46435	4.77625	0.000478234
31	5.74866	19.0384	3.21542	0.000950241
32	5.73078	35.3048	2.48727	0.00116655
33	0.729984	9.6888	1.33191	0.00152587
34	5.95885	35.1628	0.116202	0.00190031
35	5.73158	7.04388	-1.88796	0.00251542
36	0.781369	15.7829	-3.23399	0.00293149
37	5.74682	8.841	-4.87626	0.00343136
38	5.85277	35.8623	-6.34424	0.00387531
39	5.8732	21.9153	-6.86001	0.00403438
40	5.86014	14.651	-6.39814	0.00388967
41	5.94279	31.4463	-6.19153	0.00382432
42	0.731671	34.7526	-6.97093	0.00406738
43	5.85057	6.56578	-8.30704	0.00447788
44	5.96908	22.0445	-8.0281	0.00439258
45	5.85692	9.17546	-7.11822	0.00410487
46	0.73324	21.4478	-8.23853	0.00445992
47	0.732749	11.7336	-8.57833	0.00456836
48	5.94982	35.6087	-8.29378	0.0044799
49	6.18691	12.2312	-7.2205	0.00413885
50	0.732469	19.2853	-8.34902	0.00450006
51	5.86097	35.9199	-7.27164	0.00415606
52	6.10598	6.82955	-6.13723	0.00380233
53	0.732406	12.269	-7.32278	0.0041734
54	6.12419	19.5261	-6.18399	0.00381685
55	5.7391	19.4877	-4.9321	0.00342986
56	6.26389	19.3557	-4.26735	0.00322501
57	5.97471	6.79962	-3.67617	0.00303653
58	5.88681	7.37021	-3.37597	0.00294063
59	0.734675	20.5993	-3.71318	0.00304578
60	5.76748	12.8016	-3.4118	0.00294931
61	0.731474	15.7379	-3.75018	0.00305508
62	5.99877	16.7788	-3.44763	0.00295803
63	5.8275	10.9125	-2.80735	0.00275494
64	5.79689	16.1205	-2.45342	0.00264215
65	0.72917	11.738	-2.5604	0.00267477
66	0.730597	6.39511	-2.89651	0.00278011
67	6.08186	28.15	-2.59278	0.00268194
68	5.98611	7.26446	-2.51103	0.00265411
69	5.86461	7.28907	-0.637677	0.00207095
70	5.83553	8.89989	0.398617	0.00174711
71	0.72706	9.61917	-0.662621	0.00207525
72	0.725616	13.0173	-1.74647	0.00241035
73	0.727095	14.8368	-2.23417	0.00256131
74	0.726328	6.6485	-3.01824	0.00280738
75	5.76382	6.4709	-2.26486	0.00256789
76	0.726785	6.57427	-3.05172	0.00281529
77	5.85979	14.6463	-2.29556	0.0025745
78	0.726722	6.54264	-3.0852	0.00282324
79	5.94399	23.0315	-1.17012	0.00222044
80	5.81608	6.32071	0.0373435	0.00184194
81	5.73121	6.29734	0.0624242	0.00183245
82	0.722201	8.542	-0.154787	0.00189836
83	0.724688	12.1195	-1.22293	0.00223034
84	0.72458	5.86416	-2.41874	0.0026044
85	0.725146	35.7445	-0.818095	0.00210106
86	0.722441	31.8723	-1.07881	0.00218113
87	0.725193	8.76528	-2.24101	0.00254633
88	0.723447	11.7417	-3.43879	0.00292718
89	0.71958	13.306	-2.43106	0.00260575
90	0.723686	17.1255	-4.27205	0.00319958
91	0.724185	6.99345	-4.89585	0.0034024
92	0.724309	18.9052	-5.55306	0.0036188
93	0.725875	20.7608	-5.79622	0.00370091
94	0.727118	14.8353	-6.56611	0.0039599
95	0.727149	20.1134	-7.58747	0.00430945
96	0.728148	28.055	-8.96882	0.00481161
97	0.725093	5.90456	-9.99476	0.0052019
98	0.725811	7.26609	-10.4057	0.00537136
99	0.725551	6.32539	-11.6848	0.00587742
100	0.726346	6.27429	-12.6847	0.00630391
101	0.724762	6.44865	-13.0576	0.00646347
102	0.72584	9.61347	-13.4624	0.006636
103	5.78665	12.9049	-12.7106	0.00634225
104	0.721464	5.96514	-13.0792	0.00650326
105	0.72074	6.33631	-12.9961	0.00648243
106	0.720461	6.11213	-13.2337	0.00659481
107	0.721475	6.34749	-13.7645	0.00683145
108	0.72186	5.96834	-15.0093	0.00743705
109	0.722062	21.1868	-15.283	0.00765754
110	0.722667	25.4652	-16.4737	0.00836069
111	6.05636	22.4359	-14.6814	0.00738458
112	0.720191	23.4893	-16.1543	0.00822242
113	0.72563	16.1378	-17.0677	0.00877057
114	0.722479	12.0052	-18.0617	0.00938186
115	0.723168	6.18036	-19.0248	0.0100516
116	0.720749	11.6147	-20.0472	0.0108212
117	0.719935	10.2926	-22.2463	0.0124002
118	0.721675	5.98731	-19.8457	0.0108363
119	0.721001	12.5744	-22.1015	0.0124618
120	0.720579	17.8208	-22.4475	0.0128022
121	0.721949	21.4341	-23.1642	0.013358
122	0.720308	5.96421	-23.3068	0.0134764
123	0.723775	25.5118	-23.279	0.013502
124	0.720155	15.5278	-23.1445	0.0134535
125	0.721769	15.4348	-23.1394	0.0134922
126	0.719599	5.87914	-23.0447	0.0134787
127	0.718438	5.97612	-23.0172	0.0134813
128	0.719607	6.20319	-15.3938	0.0086352
129	0.719321	3.39301	-13.88	0.00779089
130	5.76416	23.3057	-10.2688	0.00585222
131	0.71913	6.33918	-9.7389	0.00563094
132	0.720492	22.2752	-8.56266	0.00511042
133	0.717889	6.15619	-0.000809431	0.00176722
134	0.718555	6.01098	-3.73573	0.00679538
135	0.719148	6.01494	-0.10502	0.00198728
136	0.720274	5.96768	0.00584406	0.00174946
137	0.718253	15.4597	0.13708	0.00145756
138	0.71929	29.0187	0.25421	0.0011863
139	0.71817	5.93549	0.302523	0.00107092
