generation	best_fitness	median_fitness	predicted_fitness	fitness_progress
0	404.766	420.754	0	0
1	394.068	413.293	-4954.82	0.027147
2	384.925	405.438	-4575.24	0.0254442
3	379.438	391.909	-4194.88	0.0237045
4	378.172	388.956	-3285.34	0.0190943
5	359.981	375.506	-3847.68	0.0222511
6	353.149	369.488	-3823.25	0.0223318
7	341.815	360.784	-3937.43	0.0231784
8	330.252	349.374	-4154.52	0.0246309
9	330.396	338.897	-4064.64	0.0243599
10	319.683	338.446	-3925.55	0.0237539
11	312.462	326.653	-3891.07	0.0237937
12	300.193	312.443	-3942.53	0.0243318
13	291.153	300.792	-3993.59	0.0249319
14	281.405	303.58	-4051.86	0.0255581
15	275.35	283.771	-4043.86	0.025767
16	263.196	275.641	-4086.45	0.0263224
17	256.961	274.026	-4083.3	0.0266009
18	231.537	262.675	-4126.14	0.0271845
19	212.232	240.051	-4183.1	0.0278767
20	188.278	219.682	-4238.83	0.0285903
21	164.546	212.564	-4302.62	0.0293933
22	177.132	201.292	-4388.84	0.0304881
23	144.78	205.429	-4465.4	0.031538
24	103.477	188.41	-4525.55	0.0324641
25	98.5972	183.515	-4585.02	0.033472
26	97.7718	117.098	-4652.14	0.034579
27	97.5187	98.028	-4741.16	0.0359542
28	97.3229	97.7962	-4768.14	0.0367871
29	97.2457	97.4684	-4922.2	0.0389437
30	97.0622	97.2883	-5102.59	0.0417079
31	97.0712	97.1678	-5016.44	0.0413673
32	96.9611	97.0702	-4974.04	0.0415524
33	96.5949	96.9738	-4956.25	0.0421561
34	96.5466	96.7762	-4890.78	0.0420749
35	96.5468	96.6887	-4851.27	0.0423902
36	96.334	96.6518	-4815.36	0.0426779
37	96.369	96.5198	-4819.97	0.0435458
38	96.1527	96.491	-4811.06	0.0442387
39	96.2038	96.3736	-4783.8	0.0446816
40	95.9599	96.2994	-4739.99	0.044841
41	95.669	95.9712	-4660.43	0.0445212
42	95.1717	95.8024	-4647.2	0.0451369
43	94.7203	95.5536	-4560.99	0.0446001
44	94.4917	95.3056	-4511.37	0.0447813
45	93.8589	95.0107	-4436.87	0.0442627
46	93.83	94.4989	-4418.84	0.0448093
47	89.5018	94.6687	-4407.1	0.0454886
48	91.5415	95.0172	-4297.24	0.0445474
49	87.4437	94.8672	-2372.1	0.0263672
50	87.5832	94.9637	-1343.95	0.0187297
51	87.4844	91.695	-992.055	0.0155364
52	87.3245	89.0714	-849.07	0.0141744
53	86.2116	90.4228	-707.406	0.0126494
54	86.1062	89.1875	-624.469	0.0117222
55	86.9821	88.3891	-521.756	0.0104281
56	85.6685	89.3768	-469.657	0.00975495
57	85.1199	88.4553	-439.137	0.00935606
58	85.0619	86.0345	-410.016	0.00894067
59	84.4656	85.3336	-389.012	0.00865002
60	84.1812	87.5976	-367.459	0.00832973
61	84.4085	85.2493	-343.743	0.00796246
62	82.8067	85.1029	-319.658	0.00759923
63	83.2908	84.2621	-305.136	0.00738123
64	82.4842	84.0622	-294.035	0.00720985
65	82.4604	84.7281	-285.663	0.00708293
66	82.4563	83.6063	-271.208	0.00685926
67	81.0795	84.8612	-258.416	0.00666178
68	79.5346	83.1484	-246.926	0.00647064
69	77.5908	82.5116	-241.053	0.00638205
70	77.5358	82.5757	-240.128	0.00637913
71	77.9562	86.9666	-238.995	0.00636774
72	77.1928	85.6503	-235.718	0.00631982
73	77.8302	97.547	-234.13	0.00629491
74	78.3235	97.3209	-228.877	0.00621159
75	77.9013	98.3816	-224.252	0.0061389
76	77.8809	81.6225	-223.784	0.00613611
77	77.8731	254.776	-223.254	0.00613436
78	77.4774	91.8552	-218.134	0.00604311
79	78.29	150.789	-213.614	0.00596713
80	78.1407	89.0305	-210.42	0.00591408
81	69.7996	156.732	-213.65	0.00598155
82	79.7419	82.44	-210.415	0.00592848
83	77.8613	84.319	-206.79	0.00586902
84	77.6038	108.933	-205.537	0.005853
85	77.547	83.9635	-203.544	0.00582154
86	79.8399	83.0217	-200.506	0.00576945
87	79.414	86.2303	-199.771	0.00575829
88	80.4805	83.1585	-195.654	0.00567756
89	78.0283	149.513	-191.361	0.00560124
90	80.0448	243.817	-190.164	0.00558571
91	80.8267	206.565	-187.11	0.00553295
92	79.8628	82.5441	-185.394	0.00550152
93	79.4373	82.3532	-181.308	0.00542392
94	78.4259	145.054	-177.334	0.00534696
95	78.0067	81.6931	-175.724	0.00531786
96	77.587	81.1305	-173.311	0.00527626
97	77.6905	83.8125	-171.04	0.00523325
98	77.1586	79.3575	-168.014	0.00517211
99	68.4463	82.105	-166.713	0.00514623
100	72.3824	85.1211	-165.346	0.00512248
101	75.2866	84.4061	-164.548	0.00510721
102	67.4042	78.849	-163.913	0.00509693
103	67.5812	78.8594	-163.194	0.00508502
104	66.5457	81.5666	-162.174	0.00506742
105	67.2021	79.1114	-158.309	0.00499478
106	66.9457	82.7306	-157.396	0.0049782
107	67.775	80.5477	-156.243	0.00495745
108	67.2747	96.136	-155.311	0.00494039
109	67.1859	85.1379	-154.085	0.00492097
110	59.1041	86.3407	-156.196	0.00496492
111	66.4401	75.5673	-154.963	0.0049453
112	66.6954	82.5107	-153.409	0.00491785
113	67.1167	79.1289	-152.218	0.00489188
114	66.7965	81.5642	-149.204	0.00482695
115	52.2491	78.4976	-153.084	0.00491592
116	68.8016	94.6533	-150.058	0.00485036
117	55.2246	84.5164	-153.95	0.00494021
118	68.9753	75.831	-150.912	0.004874
119	63.6438	76.8624	-150.667	0.00487083
120	56.4012	77.2139	-151.766	0.00489787
121	69.2809	81.53	-151.519	0.00489467
122	55.351	78.9756	-152.621	0.00492198
123	32.4868	79.6817	-156.548	0.00501453
124	39.5023	81.1228	-158.637	0.00506737
125	44.7243	95.4517	-161.113	0.00512263
126	68.9001	83.5026	-159.508	0.00509318
127	47.0993	81.8798	-161.991	0.00514901
128	53.3521	74.3727	-164.158	0.00519715
129	60.6493	80.2995	-162.87	0.00517566
130	40.3677	75.8792	-165.043	0.0052243
131	28.6505	91.8922	-166.723	0.00526685
132	52.7677	83.8639	-167.783	0.00529401
133	64.5871	76.0982	-166.949	0.00528045
134	54.0421	77.2193	-166.427	0.00527687
135	35.5038	69.7128	-168.509	0.00532629
136	40.7325	75.8752	-169.635	0.00535369
137	67.583	81.7884	-169.397	0.00535481
138	48.9288	68.3844	-170.526	0.00538251
139	60.7729	78.8781	-170.286	0.00538364
140	60.8126	81.7949	-169.075	0.00536175
141	48.3778	77.6564	-169.872	0.00538486
142	45.5792	78.0811	-171.322	0.00542469
143	29.1536	67.5567	-173.19	0.00546922
144	28.4744	68.5728	-174.864	0.00551563
145	29.2518	53.4366	-176.896	0.00556449
146	24.3275	60.1599	-178.17	0.00559944
147	26.5586	81.2197	-179.14	0.00563121
148	29.7247	54.2256	-181.362	0.00569546
149	29.076	70.5837	-183.74	0.00575188
