generation	best_fitness	median_fitness	predicted_fitness	fitness_progress
0	0.7268	36.9203	0	0
1	0.762305	0.815088	18.5148	-0.0465759
2	0.782693	67.9446	14.756	-0.0363547
3	0.653889	64.3592	10.9896	-0.0263026
4	0.738754	42.899	0.343396	0.00106862
5	0.740037	35.0628	-0.332581	0.00288417
6	0.679087	0.829723	-2.62897	0.00903994
7	0.665382	44.12	-3.23163	0.0109477
8	0.686286	62.8849	-4.26008	0.0137226
9	0.676933	39.7192	-5.08645	0.0160296
10	0.664779	7.05389	-4.73262	0.0151324
11	0.673607	67.6336	-4.01838	0.0132671
12	0.686247	55.1588	-2.9469	0.010341
13	0.646214	15.6818	-2.82005	0.0100298
14	0.697711	11.8396	-2.44848	0.00898656
15	0.693135	18.7507	-1.8218	0.0071965
16	0.689071	29.0981	-1.1318	0.00517383
17	0.663397	18.5953	-0.648988	0.00382186
18	0.701582	33.2028	-0.162603	0.00242971
19	0.700438	3.36078	0.134167	0.00158375
20	0.687954	70.2156	0.588322	0.000288854
21	0.676514	0.734918	0.434897	0.000723413
22	0.635675	5.07395	0.223682	0.0013208
23	0.678709	46.8257	0.230582	0.0013005
24	0.669463	9.58032	0.00693148	0.00193533
25	0.646922	0.705807	-0.107512	0.00225845
26	0.617943	6.09644	-0.274553	0.00272851
27	0.619839	0.691609	-0.430668	0.00317208
28	0.615654	0.657358	-0.571375	0.00358339
29	0.605066	0.672499	-0.67614	0.00389206
30	0.603974	0.670239	-0.830967	0.00433735
31	0.611293	0.627619	-0.927154	0.00462808
32	0.607361	0.632314	-1.09654	0.00513806
33	0.603658	0.644371	-1.26215	0.00562519
34	0.599334	0.612892	-1.29465	0.00572076
35	0.607418	0.647686	-1.27116	0.00566145
36	0.606525	0.620977	-1.33774	0.0058518
37	0.604217	0.622247	-1.28648	0.00571509
38	0.603203	0.66641	-1.27663	0.00569234
39	0.597713	0.615883	-1.28426	0.00570826
40	0.594497	0.611252	-1.16412	0.00533847
41	0.59128	0.613751	-1.0725	0.0050654
42	0.59248	0.61094	-1.05112	0.00500423
43	0.593758	39.5371	-1.01731	0.0049134
44	0.593413	25.984	-0.976128	0.00480148
45	0.589672	0.612616	-0.941009	0.00470506
46	0.588065	0.60519	-0.914035	0.0046302
47	0.585598	0.602643	-0.879752	0.00452998
48	0.588337	0.599705	-0.851409	0.00444467
49	0.582369	0.613303	-0.833377	0.00439335
50	0.579319	0.599652	-0.783625	0.00424531
51	0.578602	0.592668	-0.74902	0.00413852
52	0.583011	0.622486	-0.704542	0.00400801
53	0.578973	0.590164	-0.675673	0.00392416
54	0.577317	0.589431	-0.648972	0.00384624
55	0.577066	0.616437	-0.610911	0.00373423
56	0.576992	0.665103	-0.570284	0.00361548
57	0.568996	0.632685	-0.529538	0.00349472
58	0.573349	0.631975	-0.507885	0.00343054
59	0.571326	0.593427	-0.465127	0.00329921
60	0.57129	0.59136	-0.430566	0.00319346
61	0.574813	22.1169	-0.407324	0.00312336
62	0.57517	32.9336	-0.381758	0.00304653
63	0.572847	18.0585	-0.369097	0.00300698
64	0.565044	0.644299	-0.358131	0.00297106
65	0.568103	69.7879	-0.350618	0.00294728
66	0.569856	70.6799	-0.342482	0.00292148
67	0.567057	0.653171	-0.32903	0.00287952
68	0.572892	0.629492	-0.327002	0.00287176
69	0.572013	0.63705	-0.325805	0.00286686
70	0.568712	0.590698	-0.320083	0.00284844
71	0.570854	0.614758	-0.311007	0.0028198
72	0.572639	0.580893	-0.299037	0.00278132
73	0.576717	0.644217	-0.276984	0.0027135
74	0.572734	0.628885	-0.25602	0.00264919
75	0.574967	0.622715	-0.252572	0.0026353
76	0.573144	0.633382	-0.237713	0.00258588
77	0.571291	0.638	-0.224018	0.00254291
78	0.571876	0.581441	-0.221692	0.00253419
79	0.575565	0.634008	-0.217616	0.00251987
80	0.570425	0.58005	-0.211485	0.00249939
81	0.570999	0.623721	-0.196036	0.00245133
82	0.566687	0.601616	-0.191913	0.00243738
83	0.568564	60.1408	-0.189048	0.00242688
84	0.57028	0.627573	-0.171086	0.00237027
85	0.56799	0.576485	-0.143838	0.00228497
86	0.570382	0.636655	-0.142094	0.00227678
87	0.570472	0.576468	-0.13621	0.00225689
88	0.568916	0.57801	-0.130903	0.00223892
89	0.564126	0.577258	-0.124297	0.00221682
90	0.571533	0.581383	-0.116324	0.0021908
91	0.568544	0.57385	-0.0966133	0.00212923
92	0.568321	0.576355	-0.088448	0.00210258
93	0.569613	3.47544	-0.0809059	0.00207753
94	0.568864	0.657032	-0.0747228	0.00205657
95	0.562924	0.581172	-0.0687636	0.00203674
96	0.567615	54.2938	-0.0597865	0.00200751
97	0.567086	20.7746	-0.0454618	0.0019624
98	0.56701	3.47203	-0.0337079	0.00192503
99	0.572893	70.4779	-0.0324489	0.00191953
100	0.567555	0.58134	-0.0175132	0.00187279
101	0.565937	3.40202	-0.00815797	0.00184286
102	0.564126	0.628057	-0.0045833	0.0018304
103	0.564743	7.04239	0.00761437	0.00179183
104	0.571986	0.585846	0.0126206	0.00177503
105	0.566954	0.626434	0.0294012	0.00172247
106	0.570099	0.651281	0.0371604	0.00169725
107	0.571355	0.580834	0.0441557	0.00167438
108	0.568864	0.579084	0.0572371	0.00163295
109	0.562587	0.574974	0.0663101	0.00160381
