generation	best_fitness	median_fitness	predicted_fitness	fitness_progress
0	29.793	79.4447	0	0
1	27.9284	72.8037	-904.355	0.0667623
2	23.2306	31.8244	-1617.37	0.131928
3	25.1784	184.803	-908.084	0.0715384
4	23.8482	28.7882	-719.403	0.0573344
5	23.2028	28.187	-642.509	0.0527349
6	23.3345	25.7753	-471.684	0.040017
7	22.2921	134.029	-319.387	0.0279912
8	21.3501	100.44	-393.889	0.034237
9	20.6676	25.269	-362.201	0.0323216
10	20.4983	54.6065	-341.941	0.0309868
11	20.083	23.3862	-321.635	0.0296083
12	19.425	21.706	-307.579	0.0286821
13	18.6671	43.9003	-284.971	0.0272137
14	18.3866	22.2704	-282.433	0.0273195
15	16.9423	51.0241	-286.186	0.027975
16	17.2437	30.3693	-283.635	0.0280868
17	16.0574	18.3998	-287.401	0.0287801
18	16.6046	79.1936	-283.575	0.0287807
19	15.7237	20.0704	-269.994	0.0277478
20	15.1364	17.4109	-262.785	0.0273707
21	15.4976	18.358	-257.356	0.0271605
22	14.7517	17.4304	-256.991	0.0274556
23	14.2763	17.6568	-256.293	0.027699
24	14.5585	18.507	-255.164	0.0279231
25	13.7108	17.7195	-255.526	0.0282539
26	13.0475	79.0061	-252.996	0.028269
27	11.7176	14.1838	-250.714	0.0283318
28	11.6076	36.4576	-249.956	0.0286125
29	9.7768	14.2423	-248.271	0.0287554
30	12.1433	78.1121	-244.539	0.0285738
31	11.1822	14.2548	-243.389	0.0287589
32	9.08859	16.9601	-244.791	0.029302
33	9.37067	94.0808	-243.728	0.0295227
34	9.30593	13.269	-241.616	0.0296783
35	10.4513	12.7231	-239.322	0.0296954
36	9.29993	17.6862	-237.755	0.0298255
37	10.0754	39.9967	-236.502	0.0300998
38	9.72686	95.8598	-233.849	0.0301829
39	8.24321	13.764	-230.465	0.0300615
40	10.9042	55.6538	-228.037	0.0300142
41	10.7378	35.0327	-221.856	0.0295413
42	7.59049	12.6738	-221.133	0.0297425
43	9.22145	69.7786	-220.863	0.0300783
44	9.25675	19.2962	-218.609	0.0301295
45	6.67959	11.7626	-215.658	0.0299794
46	5.96907	11.3797	-212.309	0.0297101
47	7.09926	76.3593	-208.858	0.0295084
48	6.98144	85.9071	-208.15	0.0296458
49	7.21574	24.2229	-203.491	0.0294504
50	6.84162	54.6646	-202.787	0.0296444
51	6.34927	9.60659	-200.594	0.0296741
52	6.1862	9.63249	-195.541	0.0290649
53	7.3369	57.9496	-191.459	0.0288069
54	6.52696	49.1503	-189.268	0.0286984
55	0.86261	89.8683	-192.239	0.0296613
56	6.36204	56.5968	-190.038	0.0295463
57	0.922749	9.24777	-193.018	0.030568
58	6.94221	27.2454	-190.808	0.0304458
59	7.32544	9.71853	-189.24	0.0305628
60	6.37082	16.7644	-187.626	0.030384
61	0.924247	7.39186	-186.777	0.0306787
62	0.887712	55.0692	-184.289	0.0305674
63	0.89189	6.7216	-180.52	0.0305096
64	0.905099	57.6436	-178.288	0.0305596
65	0.894781	70.6861	-176.098	0.0305349
66	0.896303	70.9146	-174.114	0.0302597
67	0.859521	67.3089	-172.377	0.0304027
68	0.85809	8.00192	-170.691	0.0301905
69	0.863757	75.6992	-170.139	0.0305109
70	0.873114	29.3038	-170.074	0.0308105
71	0.86592	75.1489	-167.315	0.0307631
72	0.864862	7.10226	-165.465	0.0310307
73	0.858537	6.83372	-164.411	0.0311127
74	0.878836	20.4881	-163.147	0.0311672
75	0.864323	3.47186	-161.968	0.0314566
76	0.853123	7.59558	-159.233	0.0310384
77	0.839152	7.50524	-158.453	0.0312104
78	0.826318	3.88776	-156.905	0.0311613
79	0.858074	34.27	-155.996	0.0313551
80	0.811134	3.69333	-155.11	0.0314957
81	0.834604	52.2292	-153.655	0.0316911
82	0.822301	23.3549	-151.735	0.031794
83	0.806315	38.9701	-151.619	0.0321892
84	0.837511	28.3731	-151.361	0.0324771
85	0.807996	0.887993	-149.214	0.032346
86	0.825818	27.4627	-147.821	0.0323755
87	0.835711	42.9337	-146.647	0.0323329
88	0.807758	7.03509	-145.935	0.0326148
89	0.817995	58.9441	-145.466	0.0328147
90	0.85896	64.5869	-144.645	0.0330223
91	6.748	51.1635	-143.589	0.0331784
92	0.795698	21.626	-141.652	0.0328551
93	0.789599	52.261	-139.783	0.0327048
94	0.827058	32.8222	-138.192	0.0325385
95	0.803029	46.4282	-137.37	0.0326671
96	0.809881	82.1645	-135.993	0.0325956
97	0.831795	59.0504	-134.392	0.0326929
98	0.832119	23.355	-133.504	0.0327788
99	0.83882	57.976	-132.652	0.0329192
100	0.856413	46.5281	-131.569	0.0327626
101	0.851369	7.90736	-130.996	0.0330466
102	0.798919	22.0739	-129.527	0.0332639
103	0.854132	62.6939	-127.902	0.0328688
104	0.852481	42.4935	-125.626	0.0324027
105	0.857078	52.1013	-124.034	0.0323623
106	0.88167	58.4269	-123.069	0.0322492
107	6.25898	57.2388	-120.908	0.0318253
108	0.878235	26.4054	-119.016	0.0314033
109	0.853454	54.93	-117.763	0.0314025
110	0.874836	51.9693	-116.673	0.0310088
111	0.846379	64.8945	-115.466	0.0310894
112	0.82615	29.7401	-110.902	0.029951
113	0.814795	8.87311	-110.119	0.0301455
114	0.815585	6.42505	-108.588	0.0298286
115	0.819488	7.93367	-107.919	0.0300341
116	0.844949	19.3732	-105.429	0.0298378
117	0.805342	35.8579	-104.44	0.029885
118	0.814408	10.6803	-80.8262	0.0236236
119	0.812694	6.19547	-56.1226	0.0182137
120	0.867048	6.89652	-42.5114	0.0151856
121	0.845913	33.9273	-39.5542	0.0147003
122	0.838038	0.887476	-27.2458	0.013259
123	0.831297	32.5421	-16.2709	0.0117755
124	0.795524	0.878521	-12.4044	0.010913
125	0.828285	52.0133	-9.58874	0.0100262
126	0.794583	46.5617	-8.22801	0.00946467
127	0.830093	7.30375	-6.79916	0.00875926
128	0.8109	51.2811	-5.83446	0.00821884
129	0.808018	16.7318	-4.90357	0.00756703
130	0.791329	3.83209	-4.48942	0.00723805
131	5.88175	78.0575	-4.20757	0.00700525
132	0.835591	7.17184	-3.55671	0.00645734
133	0.821642	7.07574	-2.71566	0.0056454
134	0.838169	49.8925	-2.45279	0.00535798
135	0.799635	73.432	-2.18782	0.00505495
136	0.827264	7.54048	-2.1124	0.00495882
137	0.813097	5.87255	-1.97967	0.0047946
138	0.784787	0.882661	-1.8565	0.00464238
139	0.778531	7.3505	-1.73114	0.0044714
140	0.797023	7.42755	-1.65077	0.0043657
141	0.804507	20.9491	-1.59639	0.00429793
142	0.813745	9.14178	-1.4916	0.00415992
143	0.779672	6.38791	-1.42389	0.00406808
144	0.729967	58.1711	-1.44202	0.00409722
145	0.788272	48.4034	-1.35895	0.00398067
146	0.775818	22.2574	-1.32879	0.00393397
147	0.772067	52.5507	-1.31926	0.00391245
148	0.798878	76.0097	-1.2531	0.00381398
149	0.705511	57.7814	-1.2866	0.00386935
