pelvis_tilt.offset                  	-0.082853735	-0.083102283	0.0014284777	
hip_flexion_r.offset                	0.15388025	0.15410955	0.0014530125	
knee_angle_r.offset                 	0.025311549	0.025540751	0.0013384976	
ankle_angle_r.offset                	0.078078243	0.075836607	0.0014100044	
hip_flexion_l.offset                	-0.021715821	-0.022140332	0.001406526	
knee_angle_l.offset                 	0.03469876	0.035709127	0.0013996624	
ankle_angle_l.offset                	0.044478808	0.044627014	0.0014376519	
leg0_l.stance_load_threshold        	0.19556169	0.19672509	0.0013911198	
leg1_r.stance_load_threshold        	0.16326256	0.16378954	0.0014410169	
S11111.tib_ant_l.KL                 	1.4003713	1.3877511	0.016016533	
S11111.tib_ant_l.L0                 	0.78993221	0.78988461	0.003561928	
S11111.tib_ant_l-soleus_l.KF        	-0.033926234	-0.029744896	0.0044085965	
S11111.tib_ant_r.KL                 	2.0972331	2.0952036	0.015893728	
S11111.tib_ant_r.L0                 	0.87109691	0.87269706	0.0037937541	
S11111.tib_ant_r-soleus_r.KF        	-0.16611141	-0.16690976	0.0043653728	
S00111.soleus_l.KF                  	1.014408	1.0193294	0.0094416889	
S00111.gastroc_l.KF                 	1.3167137	1.3279518	0.0083019927	
S00111.soleus_r.KF                  	0.73529378	0.73909374	0.0095228964	
S00111.gastroc_r.KF                 	1.4386883	1.4377023	0.008059697	
S00011.vasti_l.KF                   	1.0154387	1.0035221	0.0081387226	
S00011.vasti_l.C0                   	0.063756908	0.06403854	0.00087733902	
S00011.vasti_l-knee_angle.pos_max   	-0.16827983	-0.17014026	0.0023137855	
S00011.hamstrings_l-pelvis_tilt_l.KP	1.4069383	1.4026773	0.023527428	
S00011.hamstrings_l-pelvis_tilt_l.KV	0.52213311	0.5156662	0.0034641688	
S00011.hamstrings_l-pelvis_tilt_l.C0	-0.046200979	-0.046509729	0.0013285999	
S00011.glut_max_l-pelvis_tilt_l.KP  	0.81980319	0.80217134	0.026139354	
S00011.glut_max_l-pelvis_tilt_l.KV  	0.77114106	0.77380173	0.0048659095	
S00011.glut_max_l-pelvis_tilt_l.C0  	-0.038694108	-0.03901734	0.0015782066	
S00011.iliopsoas_l-pelvis_tilt_l.KP 	-1.3849653	-1.3417358	0.027742493	
S00011.iliopsoas_l-pelvis_tilt_l.KV 	-0.69165969	-0.68493704	0.0034384312	
S00011.iliopsoas_l-pelvis_tilt_l.C0 	0.25432927	0.2540518	0.0015574472	
S00011.vasti_r.KF                   	1.2081677	1.2157618	0.0087442288	
S00011.vasti_r.C0                   	0.027262898	0.026633473	0.00091295338	
S00011.vasti_r-knee_angle.pos_max   	-0.1041911	-0.1056825	0.0024430865	
S00011.hamstrings_r-pelvis_tilt_r.KP	0.72556658	0.70795313	0.024090282	
S00011.hamstrings_r-pelvis_tilt_r.KV	0.52211619	0.51952485	0.0034246416	
S00011.hamstrings_r-pelvis_tilt_r.C0	0.015236567	0.017244096	0.0013602724	
S00011.glut_max_r-pelvis_tilt_r.KP  	1.4211002	1.3914341	0.026249114	
S00011.glut_max_r-pelvis_tilt_r.KV  	0.92796892	0.92282674	0.00490233	
S00011.glut_max_r-pelvis_tilt_r.C0  	-0.055729636	-0.054814009	0.0016119733	
S00011.iliopsoas_r-pelvis_tilt_r.KP 	-2.0084995	-1.9892171	0.028429657	
S00011.iliopsoas_r-pelvis_tilt_r.KV 	-0.88463294	-0.88486514	0.0034732978	
S00011.iliopsoas_r-pelvis_tilt_r.C0 	0.21376979	0.21348766	0.0015679431	
S00100.iliopsoas_l.C0               	0.74544912	0.74509366	0.0045763641	
S00100.glut_max_l.C0                	-0.30582217	-0.3050347	0.0034079583	
S00100.iliopsoas_r.C0               	0.36739144	0.35963314	0.0044733615	
S00100.glut_max_r.C0                	-0.17708745	-0.18215345	0.0033762009	
S11000.iliopsoas_l.KL               	0.20110966	0.19601188	0.0045070304	
S11000.iliopsoas_l.L0               	0.21725168	0.2303641	0.0083207664	
S11000.iliopsoas_l-pelvis_tilt_l.P0 	-0.097998587	-0.10040131	0.00138114	
S11000.iliopsoas_l-pelvis_tilt_l.KP 	0.44286596	0.4551806	0.016944128	
S11000.iliopsoas_l-pelvis_tilt_l.KV 	0.4234338	0.41968654	0.0038950957	
S11000.iliopsoas_l-hamstrings_l.KL  	-1.6042783	-1.5816152	0.042218936	
S11000.iliopsoas_l-hamstrings_l.L0  	0.76047798	0.77298469	0.0067997071	
S11000.hamstrings_l.KF              	-0.37209592	-0.38633252	0.009281481	
S11000.glut_max_l.KF                	0.60561429	0.59938894	0.0052846459	
S11000.iliopsoas_r.KL               	0.53175594	0.52688951	0.0047087069	
S11000.iliopsoas_r.L0               	0.66226869	0.66063788	0.0085926108	
S11000.iliopsoas_r-pelvis_tilt_r.P0 	-0.057041853	-0.057692188	0.0014615512	
S11000.iliopsoas_r-pelvis_tilt_r.KP 	1.299783	1.2909319	0.015696024	
S11000.iliopsoas_r-pelvis_tilt_r.KV 	0.1433002	0.14695464	0.0041091579	
S11000.iliopsoas_r-hamstrings_r.KL  	-1.2342435	-1.2681863	0.044654281	
S11000.iliopsoas_r-hamstrings_r.L0  	0.70634274	0.71577398	0.0064124462	
S11000.hamstrings_r.KF              	-0.20115197	-0.19417345	0.00928347	
S11000.glut_max_r.KF                	0.45594582	0.45635755	0.0050435484	
