generation	best_fitness	median_fitness	predicted_fitness	fitness_progress
0	17.6816	20.9403	0	0
1	15.9896	36.6725	-829.976	0.105814
2	16.3255	18.6624	-322.695	0.0406877
3	16.5107	18.2022	109.133	-0.0113469
4	14.6139	17.7567	-107.367	0.0152076
5	11.2317	16.8391	-347.261	0.0468377
6	11.7318	14.7765	-484.081	0.0697793
7	11.793	13.9143	-437.431	0.0628522
8	11.2069	14.7393	-416.29	0.0613431
9	9.75954	13.6043	-416.802	0.0634393
10	8.59819	12.6154	-427.987	0.0678709
11	7.76684	11.8225	-445.392	0.0731685
12	10.3013	16.7352	-429.735	0.0728128
13	8.67285	12.4575	-413.866	0.0713325
14	9.14685	16.3458	-378.581	0.0664536
15	8.82756	12.294	-338.985	0.0599728
16	7.85517	13.7358	-314.651	0.0555787
17	7.72205	12.9668	-286.268	0.0510049
18	7.96136	11.9477	-266.474	0.0479057
19	7.40721	11.2029	-242.824	0.0446391
20	7.36119	13.78	-219.738	0.0421566
21	8.91043	13.2527	-182.395	0.0366483
22	7.91988	12.1007	-160.072	0.0331882
23	8.26638	21.175	-151.011	0.0319133
24	7.71559	11.1619	-139.811	0.0297607
25	9.16286	13.044	-129.877	0.0277528
26	8.05408	11.1755	-125.12	0.0269669
27	7.69806	9.78727	-119.295	0.0257786
28	7.38263	11.6993	-104.798	0.0228648
29	7.55722	9.82749	-89.737	0.0198191
30	7.6301	26.9995	-75.3071	0.0173466
31	8.20716	10.2222	-63.9486	0.0152432
32	7.19992	8.88823	-57.0688	0.0140214
33	6.60876	16.0484	-60.1215	0.0147144
34	6.8581	9.00085	-60.1045	0.0147692
35	6.75661	8.95431	-57.6805	0.0144232
36	0.734465	8.87236	-63.8418	0.0155852
37	6.17006	9.70229	-62.3649	0.0155059
38	6.26096	10.7437	-63.17	0.0157263
39	6.45604	15.0691	-60.6606	0.015364
40	6.25508	11.6864	-60.0199	0.0152932
41	6.28436	7.63224	-58.3922	0.0150642
42	6.09564	10.9668	-56.0947	0.0146716
43	5.7376	10.3674	-56.8192	0.0149217
44	5.88602	7.20949	-55.4244	0.0146799
45	0.731861	9.54805	-57.4606	0.015231
46	0.728146	11.4915	-58.5087	0.0155276
47	6.76671	18.2466	-57.7124	0.0154666
48	0.716551	7.41288	-58.7642	0.0157725
49	5.9163	9.28595	-57.9642	0.0157096
50	0.723349	6.67379	-59.0196	0.0160253
51	0.720763	8.964	-60.4974	0.0164636
52	0.730386	12.2832	-62.5151	0.0170333
53	0.721225	12.8779	-66.1682	0.0179804
54	0.733962	9.24231	-68.3341	0.0185945
55	0.740868	6.60992	-71.0563	0.0195743
56	0.736123	14.4963	-71.8671	0.0201282
57	0.72741	6.92689	-74.5456	0.0209739
58	0.725884	7.65113	-82.7517	0.0236256
59	0.740457	17.6238	-86.243	0.0249215
60	0.737041	13.3562	-89.3315	0.0262399
61	0.724809	6.3696	-88.6113	0.0263513
62	0.72936	6.76873	-88.0242	0.0264745
63	0.730695	7.26577	-88.0015	0.027208
64	0.729389	6.33195	-89.7293	0.0281439
65	0.728073	22.6079	-89.6081	0.0282282
66	0.734693	16.9075	-88.601	0.028103
67	0.722414	7.21348	-88.4133	0.0283164
68	0.729635	14.8703	-88.2078	0.0284105
69	0.729157	7.46152	-87.2473	0.0284062
70	0.725244	29.4855	-86.6826	0.0285401
71	0.721432	6.62132	-86.0706	0.0286059
72	0.722961	6.36654	-85.4421	0.0287638
73	0.728555	6.96538	-84.8799	0.0288097
74	0.723354	6.0806	-84.2701	0.0288007
75	0.744519	17.481	-83.4474	0.028831
76	0.715869	6.5901	-82.5296	0.0286968
77	0.731021	11.2912	-81.6207	0.0286953
78	0.712839	6.625	-80.844	0.0285838
79	0.72667	9.91925	-80.1556	0.0287475
80	0.722722	11.6726	-79.3891	0.0285485
81	0.718449	6.19805	-78.6747	0.0286911
82	0.718086	6.67547	-78.3326	0.0286863
83	0.714596	18.7456	-78.0061	0.0288399
84	0.671746	6.71695	-76.9806	0.0286533
85	0.664887	6.58725	-76.5934	0.0287496
86	0.663888	7.15239	-76.1128	0.0288555
87	0.709434	6.68772	-75.653	0.0289724
88	0.658725	8.13926	-74.4285	0.0288345
89	0.660328	9.0046	-73.6035	0.0286428
90	0.658025	5.26986	-72.6186	0.0287305
91	0.65915	8.85029	-70.2875	0.0280822
92	0.709865	6.83114	-45.2295	0.0193437
93	0.677572	6.72794	-24.6863	0.0168975
94	0.669836	6.10014	-16.2823	0.0152635
95	0.667746	15.7717	-11.2887	0.0135299
96	0.666002	11.5237	-9.05211	0.0124767
97	0.651688	3.35528	-6.76483	0.0109855
98	0.659725	6.48117	-5.78588	0.0102253
99	0.661986	6.8254	-5.05566	0.00958111
100	0.660663	6.53502	-4.06518	0.00858757
101	0.654404	6.81999	-3.67733	0.00813673
102	0.658954	6.69764	-3.31147	0.00767882
103	0.656696	6.78561	-3.11679	0.0074345
104	0.656326	6.04302	-2.88847	0.00711717
105	0.662059	6.35903	-2.66351	0.00681015
106	0.654968	0.688934	-2.25091	0.00620162
107	0.653155	6.03157	-2.1865	0.00611242
108	5.78775	8.13647	-1.92578	0.00570581
109	0.657378	5.96592	-1.71292	0.00534004
110	0.652262	7.93558	-1.55505	0.00505827
111	0.65552	7.53884	-1.46541	0.0049009
112	0.658795	7.99165	-1.45069	0.00487536
113	0.658253	6.8929	-1.35646	0.00470216
114	0.655094	3.29934	-1.31652	0.00462605
115	0.65795	3.44262	-1.27068	0.00453342
116	0.658907	0.666309	-1.24232	0.0044731
117	0.658585	6.24266	-1.20586	0.00440484
118	0.657579	0.66939	-1.16525	0.00432812
119	0.65757	5.82621	-1.07443	0.00415331
120	0.654165	0.669027	-1.05329	0.00411065
121	0.657733	0.706995	-1.01188	0.00402252
122	0.65306	6.01781	-0.965313	0.00392224
123	0.653815	0.666162	-0.944957	0.00388137
124	0.653531	5.94008	-0.899905	0.00378935
125	0.652275	12.3114	-0.75569	0.00349158
126	0.653236	6.43362	-0.660166	0.00328849
127	0.651798	3.32124	-0.62677	0.00321182
128	0.653875	0.663774	-0.586405	0.00312014
129	0.649311	3.20946	-0.58639	0.00311876
130	0.650058	0.712367	-0.573161	0.00308918
131	0.651367	5.86964	-0.560028	0.00305995
132	0.654904	6.33451	-0.537686	0.00301059
133	0.649131	3.36054	-0.535699	0.00300289
134	0.65124	6.46646	-0.523501	0.00297222
135	0.649329	0.691487	-0.512602	0.00294726
136	0.654794	3.23694	-0.499961	0.00291807
137	0.644775	0.691991	-0.48239	0.00287656
138	0.647041	0.705716	-0.454073	0.00281266
139	0.650623	6.63017	-0.421644	0.00273818
140	0.648826	6.41153	-0.414743	0.00272177
141	0.650915	6.02658	-0.393392	0.00267177
142	0.647221	3.18206	-0.376941	0.00263337
143	0.650705	6.14876	-0.37246	0.00262157
144	0.646309	11.809	-0.349291	0.00256766
145	0.646026	6.4702	-0.331953	0.0025267
146	0.648048	6.17605	-0.320126	0.00249804
147	0.648007	0.685538	-0.310472	0.00247401
148	0.650856	6.06378	-0.298677	0.00244574
149	0.646814	6.46775	-0.285669	0.00241462
