generation	best_fitness	median_fitness	predicted_fitness	fitness_progress
0	0.651129	6.32925	0	0
1	0.650011	5.78878	0.0911577	0.00171952
2	0.654082	14.3266	1.39234	-0.00225995
3	0.652335	6.95327	1.04404	-0.00119957
4	0.652231	3.26159	0.789992	-0.000422699
5	0.649478	0.661241	0.599003	0.000160727
6	0.649256	3.18581	0.366477	0.000869194
7	0.653519	6.31868	0.598793	0.000160752
8	0.649828	0.661814	0.51184	0.00042406
9	0.652719	6.0313	0.598584	0.000160778
10	0.65088	0.662426	0.592707	0.000178608
11	0.651017	6.29675	0.638207	3.91015e-05
12	0.652275	6.40166	0.674274	-6.93959e-05
13	0.648374	3.36463	0.616125	0.00010642
14	0.653236	6.36637	0.673071	-6.55312e-05
15	0.650721	0.654751	0.645891	1.56221e-05
16	0.65064	0.655037	0.629673	6.45342e-05
17	0.646709	0.6538	0.611897	0.000118742
18	0.644825	5.99669	0.597514	0.000162057
19	0.647807	5.90218	0.58358	0.000203504
20	0.649139	5.87185	0.581564	0.000208837
21	0.64468	0.658299	0.558403	0.000278212
22	0.643241	5.76232	0.549555	0.00030419
23	0.644	5.702	0.529525	0.00036231
24	0.64422	6.13575	0.510741	0.000417842
25	0.645672	6.0722	0.495732	0.00046195
26	0.644173	6.15511	0.48478	0.000493662
27	0.648095	6.32169	0.495132	0.000462163
28	0.647505	5.99211	0.505732	0.000430044
29	0.647815	0.701719	0.51545	0.000400423
30	0.646234	0.681372	0.505403	0.000429696
31	0.651098	6.20228	0.524701	0.00037252
32	0.649726	0.702212	0.535042	0.000341464
33	0.647255	3.28262	0.542317	0.000319634
34	0.647364	3.22537	0.548764	0.000300303
35	0.648217	0.659898	0.552256	0.00028947
36	0.649702	5.90199	0.556646	0.000276022
37	0.646958	0.654406	0.559395	0.000267563
38	0.64761	0.652394	0.565544	0.0002489
39	0.648181	5.79547	0.573331	0.000225033
40	0.647577	0.66394	0.580132	0.000204456
41	0.645735	0.650715	0.583419	0.00019409
42	0.647229	0.649875	0.585919	0.000186289
43	0.643151	0.649045	0.587547	0.000180941
44	0.643045	3.21356	0.589912	0.000173499
45	0.644053	0.648142	0.589696	0.000173808
46	0.639976	0.647551	0.589162	0.000175018
47	0.640027	5.82113	0.578751	0.000205563
48	0.638185	11.185	0.575587	0.000214608
49	0.63758	5.88781	0.564795	0.000245848
50	0.640196	5.86038	0.561531	0.000255001
51	0.638807	0.673274	0.552536	0.000280412
52	0.636382	6.39719	0.549466	0.000288825
53	0.636498	3.25204	0.547034	0.000295136
54	0.637269	5.76775	0.545321	0.000299596
55	0.637058	6.19618	0.538655	0.000317545
56	0.637574	0.694725	0.533873	0.000330388
57	0.638823	3.34402	0.532401	0.000333934
58	0.639593	3.18621	0.527359	0.00034824
59	0.63838	6.01157	0.524935	0.000354597
60	0.638149	6.0655	0.523557	0.000357908
61	0.637027	0.693511	0.52313	0.000358512
62	0.635289	0.690486	0.521942	0.000361262
63	0.637285	5.92972	0.520166	0.000364789
64	0.634161	5.94792	0.517047	0.00037267
65	0.634696	11.5799	0.511765	0.000387951
66	0.636174	6.87443	0.508883	0.000395886
67	0.636984	0.690729	0.510548	0.000390263
68	0.63825	0.696367	0.510548	0.000389651
69	0.636068	5.83316	0.5108	0.000388233
70	0.632554	6.64704	0.508154	0.000395335
71	0.635491	17.5071	0.507062	0.000397934
72	0.637347	11.2856	0.507775	0.000395261
73	0.634914	6.04287	0.507936	0.000394122
74	0.636758	3.43346	0.508084	0.000393022
75	0.637074	0.672897	0.50869	0.000390575
76	0.639585	16.1454	0.510158	0.000385644
77	0.637445	13.0071	0.510285	0.000384695
78	0.639479	6.55826	0.513493	0.000375225
79	0.637942	5.95895	0.515457	0.000369097
80	0.635854	0.691883	0.515471	0.000368644
81	0.637695	5.86863	0.515544	0.000368008
82	0.634993	3.18637	0.516335	0.000365416
83	0.58763	3.29465	0.514859	0.000368718
84	0.635557	3.16762	0.515258	0.000367199
85	0.588073	6.29185	0.513906	0.000370155
86	0.58525	3.1305	0.511637	0.000375808
87	0.637959	5.95233	0.51343	0.000370292
88	0.584359	0.638265	0.511154	0.000375949
89	0.58298	6.0907	0.508811	0.000381617
90	0.584682	3.18089	0.506756	0.000386664
91	0.586778	5.75849	0.505544	0.000389404
92	0.585404	5.80324	0.504571	0.000391451
93	0.588124	0.639266	0.503554	0.000393742
94	0.585801	0.66274	0.502104	0.00039723
95	0.586022	5.96718	0.497566	0.000409625
96	0.584122	5.67186	0.494368	0.000418039
97	0.583802	0.684957	0.491826	0.000424451
98	0.583431	7.20925	0.48813	0.000434289
99	0.582466	3.21289	0.486778	0.000436985
100	0.582876	6.00159	0.486094	0.00043775
101	0.581659	6.35422	0.484349	0.000441942
102	0.583761	7.12692	0.481937	0.0004481
103	0.583312	6.09788	0.477755	0.000458426
104	0.58287	6.28839	0.47469	0.000465567
105	0.581068	5.88714	0.474031	0.000466613
106	0.584208	10.5712	0.472679	0.000469586
107	0.580796	5.90895	0.468994	0.00047897
108	0.584536	6.11173	0.467366	0.000482641
109	0.581887	6.03619	0.462315	0.000496029
110	0.584845	12.4252	0.459327	0.000503625
111	0.584602	5.83216	0.457489	0.000507961
112	0.584956	0.686956	0.454464	0.000515664
113	0.583239	3.28785	0.452187	0.000521009
114	0.581852	0.63433	0.447669	0.000532667
115	0.582556	0.587324	0.444224	0.000541173
116	0.583234	5.86226	0.441923	0.000546625
117	0.584352	6.35188	0.439492	0.000552312
118	0.58385	3.60587	0.436289	0.000560022
119	0.582014	5.80359	0.433426	0.000566756
120	0.583233	0.610101	0.428006	0.000580297
121	0.58348	5.72931	0.420998	0.000598365
122	0.582388	3.28755	0.418362	0.000604582
123	0.584751	5.88357	0.413324	0.000617542
124	0.585605	0.641244	0.410157	0.000625065
125	0.583821	0.638002	0.403716	0.000641075
126	0.583761	0.591887	0.399293	0.000651622
127	0.583847	5.64767	0.39478	0.000662725
128	0.584029	0.614475	0.388614	0.000678194
129	0.585582	0.614084	0.381302	0.000696765
130	0.586048	0.642291	0.373351	0.000716996
131	0.586773	3.16173	0.366803	0.000733364
132	0.584559	0.616614	0.359486	0.000751991
133	0.587285	17.8534	0.346184	0.000786689
134	0.585976	0.59461	0.337066	0.000810149
135	0.586351	5.78848	0.333223	0.000819123
136	0.584553	5.87541	0.327321	0.000833679
137	0.584042	5.73261	0.323409	0.000843472
138	0.584351	5.93635	0.316296	0.000862352
139	0.583235	3.1531	0.314944	0.000865142
140	0.583978	5.97767	0.315018	0.000863723
141	0.583145	5.81272	0.315135	0.000862419
142	0.584776	5.75329	0.315455	0.000860714
143	0.587251	6.3663	0.315481	0.000859513
144	0.586628	7.0895	0.315696	0.000857921
145	0.585943	5.8077	0.315943	0.000856126
146	0.586182	5.86384	0.315971	0.000854896
147	0.584873	5.78176	0.316845	0.000851145
148	0.584402	0.621431	0.31653	0.000850967
149	0.587849	6.281	0.316699	0.000849501
