pelvis_tilt.offset                  	-0.10940442	-0.10977134	0.0015088368	
hip_flexion_r.offset                	0.14841719	0.14818675	0.0016081769	
knee_angle_r.offset                 	0.041824192	0.043126147	0.001464882	
ankle_angle_r.offset                	0.11862377	0.11728986	0.0015296289	
hip_flexion_l.offset                	0.002629416	0.0040472923	0.0014956362	
knee_angle_l.offset                 	0.030418699	0.029061131	0.0014599996	
ankle_angle_l.offset                	0.016780671	0.016338035	0.0015428249	
leg0_l.stance_load_threshold        	0.1623788	0.16118421	0.0014350488	
leg1_r.stance_load_threshold        	0.1610058	0.16125566	0.0014840921	
S11111.tib_ant_l.KL                 	1.4270414	1.4443271	0.016557313	
S11111.tib_ant_l.L0                 	0.72531494	0.72553666	0.0041012965	
S11111.tib_ant_l-soleus_l.KF        	-0.44875882	-0.44432144	0.005031458	
S11111.tib_ant_r.KL                 	1.3403131	1.3305781	0.016423099	
S11111.tib_ant_r.L0                 	0.71996431	0.7118773	0.0040386193	
S11111.tib_ant_r-soleus_r.KF        	-0.32409465	-0.32675697	0.0048586168	
S00111.soleus_l.KF                  	1.0612365	1.0569454	0.010196596	
S00111.gastroc_l.KF                 	1.2987191	1.3037938	0.0089454989	
S00111.soleus_r.KF                  	1.0459033	1.0380132	0.0087155169	
S00111.gastroc_r.KF                 	1.2905574	1.2935268	0.0082117234	
S00011.vasti_l.KF                   	1.1147647	1.1194317	0.0083569369	
S00011.vasti_l.C0                   	0.044435244	0.043550035	0.00090951834	
S00011.vasti_l-knee_angle.pos_max   	-0.065768464	-0.065518054	0.0024903373	
S00011.hamstrings_l-pelvis_tilt_l.KP	1.110835	1.0619274	0.026156744	
S00011.hamstrings_l-pelvis_tilt_l.KV	0.45183703	0.45153028	0.0035347022	
S00011.hamstrings_l-pelvis_tilt_l.C0	-0.018801006	-0.020822944	0.0013832917	
S00011.glut_max_l-pelvis_tilt_l.KP  	0.69919048	0.75934239	0.027609404	
S00011.glut_max_l-pelvis_tilt_l.KV  	0.85913001	0.85403143	0.0061727837	
S00011.glut_max_l-pelvis_tilt_l.C0  	0.0082619791	0.010144279	0.0016868746	
S00011.iliopsoas_l-pelvis_tilt_l.KP 	-1.8230718	-1.8102788	0.032660075	
S00011.iliopsoas_l-pelvis_tilt_l.KV 	-0.79914636	-0.79961041	0.0035898663	
S00011.iliopsoas_l-pelvis_tilt_l.C0 	0.24004425	0.23921033	0.0017125586	
S00011.vasti_r.KF                   	1.169631	1.1712103	0.0093905602	
S00011.vasti_r.C0                   	0.04493225	0.044975254	0.001007992	
S00011.vasti_r-knee_angle.pos_max   	-0.12560698	-0.12204621	0.0025401728	
S00011.hamstrings_r-pelvis_tilt_r.KP	1.3243681	1.322625	0.025961546	
S00011.hamstrings_r-pelvis_tilt_r.KV	0.49961275	0.49404097	0.0037213914	
S00011.hamstrings_r-pelvis_tilt_r.C0	0.0042974835	0.0060915121	0.0014245941	
S00011.glut_max_r-pelvis_tilt_r.KP  	0.90783383	0.8846953	0.026904914	
S00011.glut_max_r-pelvis_tilt_r.KV  	0.85459605	0.84763244	0.0057762501	
S00011.glut_max_r-pelvis_tilt_r.C0  	-0.032340796	-0.033298508	0.0017229556	
S00011.iliopsoas_r-pelvis_tilt_r.KP 	-1.4186348	-1.4355225	0.032250291	
S00011.iliopsoas_r-pelvis_tilt_r.KV 	-0.6718084	-0.67144234	0.0034444173	
S00011.iliopsoas_r-pelvis_tilt_r.C0 	0.28468119	0.285679	0.0017436302	
S00100.iliopsoas_l.C0               	0.65154686	0.65053387	0.0050251816	
S00100.glut_max_l.C0                	-0.36401463	-0.36262994	0.003762793	
S00100.iliopsoas_r.C0               	0.6067853	0.60515609	0.0050350865	
S00100.glut_max_r.C0                	-0.21170281	-0.21409227	0.0036210065	
S11000.iliopsoas_l.KL               	0.23475548	0.23259788	0.004540615	
S11000.iliopsoas_l.L0               	0.12201384	0.11741525	0.0083362951	
S11000.iliopsoas_l-pelvis_tilt_l.P0 	-0.11690998	-0.117897	0.0015107297	
S11000.iliopsoas_l-pelvis_tilt_l.KP 	0.39264115	0.40846217	0.018632371	
S11000.iliopsoas_l-pelvis_tilt_l.KV 	0.32401494	0.32063711	0.0042110221	
S11000.iliopsoas_l-hamstrings_l.KL  	-0.43973334	-0.4422765	0.042019298	
S11000.iliopsoas_l-hamstrings_l.L0  	1.0049235	0.99451071	0.0073625733	
S11000.hamstrings_l.KF              	-0.51443254	-0.48927565	0.010590981	
S11000.glut_max_l.KF                	0.45174586	0.45671032	0.0052548028	
S11000.iliopsoas_r.KL               	0.10498725	0.10729107	0.0045768231	
S11000.iliopsoas_r.L0               	0.056528349	0.050285899	0.0091853762	
S11000.iliopsoas_r-pelvis_tilt_r.P0 	-0.11607446	-0.11824215	0.0015981148	
S11000.iliopsoas_r-pelvis_tilt_r.KP 	0.66543228	0.64226156	0.016508944	
S11000.iliopsoas_r-pelvis_tilt_r.KV 	0.40364245	0.40589107	0.0042084278	
S11000.iliopsoas_r-hamstrings_r.KL  	-0.34697259	-0.38773759	0.040557808	
S11000.iliopsoas_r-hamstrings_r.L0  	1.1606801	1.1647545	0.0071957251	
S11000.hamstrings_r.KF              	-0.27524423	-0.29313281	0.010961535	
S11000.glut_max_r.KF                	0.44126919	0.44324372	0.0056956385	
