generation	best_fitness	median_fitness	predicted_fitness	fitness_progress
0	21.16	72.4561	0	0
1	13.5491	28.1066	-3791.9	0.561728
2	15.6869	21.0148	-1352.6	0.160454
3	14.5876	26.0349	-535.065	0.0700779
4	12.8793	19.0896	-689.009	0.0936789
5	15.9507	20.6844	-537.263	0.0753589
6	14.4767	18.31	-270.65	0.0382973
7	13.4817	35.704	-130.916	0.01969
8	13.5351	69.2569	-165.78	0.0242477
9	13.9595	16.7245	-108.221	0.0167999
10	13.8375	30.4458	-58.1075	0.00994584
11	11.4381	16.533	-108.708	0.017087
12	12.4223	17.2615	-109.619	0.0175773
13	12.2802	18.6296	-113.205	0.0182047
14	14.1304	24.7883	-103.216	0.016903
15	11.2044	18.417	-113.707	0.0185423
16	15.5013	77.1372	-103.678	0.0171936
17	13.2264	52.6484	-93.347	0.0154948
18	11.8318	22.1015	-86.721	0.0145926
19	11.7282	15.2524	-78.8989	0.0135852
20	14.6659	85.8864	-73.8869	0.012863
21	11.2325	42.7148	-74.2397	0.013024
22	15.0008	90.6375	-61.8185	0.0110389
23	14.1943	17.7421	-53.7514	0.00975791
24	13.8872	30.8384	-44.4263	0.00836307
25	11.6542	16.7179	-41.8842	0.0080086
26	11.8599	16.4741	-38.7201	0.00755552
27	12.3301	20.0393	-35.8395	0.00713739
28	10.433	30.7744	-38.9238	0.00761304
29	14.0685	30.2146	-34.1762	0.00691141
30	10.4618	15.6556	-38.5774	0.00758844
31	11.2087	15.5903	-38.5286	0.00767499
32	9.65949	22.6788	-41.7227	0.00823066
33	10.0665	14.6129	-45.1739	0.00876317
34	11.6147	37.1893	-43.472	0.00851898
35	10.1385	16.0624	-47.7877	0.00917587
36	10.3782	22.3687	-51.1821	0.00973536
37	9.47165	23.4554	-51.049	0.00978671
38	10.2848	19.9796	-53.2884	0.0101544
39	10.2681	60.8953	-50.0288	0.00964234
40	10.7909	27.8002	-51.9967	0.00996042
41	9.54386	15.2168	-53.9702	0.0103201
42	10.4241	13.8604	-52.2448	0.0100606
43	10.9284	15.0908	-50.5741	0.00981468
44	10.9437	37.5506	-47.4659	0.00938972
45	9.94692	15.2339	-48.3979	0.00953258
46	10.3682	14.8406	-45.2798	0.00905546
47	9.47522	13.5037	-45.6339	0.00915538
48	9.39898	30.3931	-45.1795	0.00912366
49	9.33994	15.0493	-43.2413	0.00887141
50	9.50383	26.7608	-42.2853	0.00875294
51	9.18474	14.7217	-41.987	0.00872187
52	9.14488	14.5951	-41.79	0.00871298
53	8.4559	13.8392	-42.8671	0.00889792
54	10.3277	13.8425	-41.9935	0.00878957
55	9.51532	14.1146	-41.3813	0.00870142
56	9.59431	13.2887	-40.6233	0.00858704
57	9.84885	13.9726	-39.8549	0.00845888
58	7.93367	12.6269	-40.6555	0.00863017
59	10.8703	13.6537	-39.9035	0.0085063
60	8.89403	15.8745	-38.9459	0.00836534
61	8.55483	12.4314	-37.9716	0.00822292
62	8.64921	25.4667	-36.6346	0.00801283
63	7.71777	10.8312	-38.607	0.00835456
64	8.71378	12.7722	-37.0346	0.00812009
65	9.46033	21.8438	-35.6595	0.00786573
66	7.15548	11.1345	-37.216	0.00818657
67	7.83304	10.028	-37.0147	0.00817897
68	8.54467	13.0681	-36.3264	0.00804196
69	7.94809	12.7128	-36.2376	0.00805295
70	7.46154	11.2682	-36.5329	0.00812868
71	8.03764	21.0053	-36.33	0.00810401
72	7.36639	50.849	-36.4688	0.00816271
73	6.72839	32.994	-37.117	0.00830714
74	7.6161	47.7307	-37.1179	0.0082943
75	7.81811	30.0879	-36.629	0.00822813
76	8.23396	11.4926	-36.0577	0.00813399
77	7.48455	23.0041	-35.7559	0.00810906
78	7.27839	18.6043	-35.2473	0.00805955
79	7.78304	16.1535	-35.1336	0.00806087
80	8.35716	36.8056	-34.7369	0.00801503
81	7.44541	14.893	-34.2972	0.0079429
82	7.11385	10.8888	-34.0451	0.00790438
83	7.27332	11.959	-34.0472	0.00792034
84	7.96831	41.5488	-33.5932	0.00786219
85	7.19571	10.1033	-33.4173	0.00785412
86	7.14959	24.0545	-33.139	0.00782476
87	6.5284	8.65762	-33.442	0.00789586
88	6.35954	12.0078	-33.5566	0.00793609
89	6.59594	12.2513	-33.2245	0.00789049
90	7.19607	57.8156	-32.9999	0.00787289
91	6.3819	48.594	-33.2372	0.00792956
92	7.09213	18.8882	-33.0954	0.0079248
93	7.37565	17.2222	-32.8568	0.00788748
94	8.17423	59.9404	-32.3377	0.00778728
95	7.10014	47.0676	-32.2484	0.007784
96	18.8584	67.4868	-32.0432	0.00775677
97	7.96808	42.2881	-31.8064	0.00771894
98	6.53653	9.94628	-31.7929	0.00772954
99	7.46516	12.1528	-31.7605	0.00774156
100	7.4199	11.8951	-31.6018	0.00772431
101	7.63442	61.755	-31.4567	0.00770844
102	6.45007	39.0495	-31.2814	0.00768476
103	7.60895	11.6591	-31.1196	0.00766429
104	7.72824	10.4196	-30.7832	0.00760754
105	7.70124	10.7975	-30.5022	0.00755887
106	6.99028	12.24	-30.4131	0.00754955
107	6.77898	29.2261	-30.3005	0.00754193
108	6.90979	12.8601	-30.0367	0.0075007
109	6.92556	9.41845	-29.8801	0.00748164
110	6.96651	15.5317	-29.4866	0.0074127
111	7.91773	12.8344	-29.2343	0.00737211
112	8.11236	10.0981	-29.1147	0.00736507
113	6.13325	9.65989	-28.9569	0.00733783
114	7.86548	28.9318	-28.7479	0.00729689
115	7.00237	10.1673	-28.011	0.00716696
116	6.30494	8.49844	-27.969	0.00716875
117	7.01259	32.9858	-27.6402	0.00711583
118	6.60175	8.9483	-27.5164	0.00709288
119	7.12534	52.6115	-27.4799	0.00708846
120	6.1718	40.841	-26.2434	0.0068356
121	6.65584	22.4987	-25.5868	0.00669427
122	6.65473	10.5703	-25.5056	0.00667299
123	6.6694	19.7698	-25.2069	0.00662708
124	6.44738	11.5041	-24.8349	0.00655047
125	6.11939	12.2017	-24.6955	0.00653064
126	6.56303	9.79585	-24.485	0.00648286
127	6.73435	41.1928	-24.2533	0.00643563
128	7.24734	15.2325	-24.1274	0.00641278
129	6.51156	10.6532	-24.082	0.00640105
130	7.55	10.9678	-24.0977	0.00640511
131	6.23623	10.2426	-23.9999	0.00639551
132	6.19348	15.8612	-23.9156	0.00638938
133	6.81006	26.3037	-23.7987	0.00636626
134	6.13211	9.9461	-23.5381	0.00631697
135	6.62285	14.6471	-23.0802	0.0062261
136	6.05273	19.4298	-22.9359	0.00620432
137	6.1121	25.9965	-22.5246	0.00612596
138	6.31769	8.44344	-22.2702	0.00607682
139	6.22019	42.4932	-22.1664	0.00606026
140	0.754121	27.3499	-22.3804	0.00611398
141	5.84032	18.015	-22.2761	0.00609721
142	6.73454	53.607	-21.9689	0.00605137
143	7.39891	12.5105	-21.1674	0.00590546
144	6.35372	10.2642	-20.7359	0.00582111
145	6.2167	7.82236	-20.6047	0.0057962
146	6.08001	8.68708	-20.2825	0.00574196
147	6.52277	14.3428	-19.6905	0.00561302
148	7.16937	14.9542	-19.0784	0.00549892
149	5.79082	9.17322	-18.8407	0.00544953
