generation	best_fitness	median_fitness	predicted_fitness	fitness_progress
0	7.37506	50.1251	0	0
1	6.46949	19.1699	-446.316	0.139976
2	5.91216	9.36857	-359.815	0.116513
3	5.90735	49.3763	-273.139	0.0915727
4	0.753691	11.011	-361.278	0.131878
5	5.90546	38.6537	-274.254	0.100804
6	0.749867	27.8406	-362.741	0.151912
7	0.754286	17.9981	-451.75	0.241307
8	6.06194	21.8797	-364.204	0.179123
9	6.11644	9.62051	-206.348	0.085017
10	6.06004	7.92166	-66.2852	0.0245331
11	6.16865	9.57627	5.79656	6.26987e-05
12	5.99273	14.122	7.14704	-0.000386054
13	6.07376	7.94005	11.1806	-0.00171389
14	5.87052	6.7225	10.8435	-0.00161463
15	6.06065	68.7005	10.9197	-0.00162834
16	6.07572	8.52802	11.1434	-0.00169235
17	6.23861	7.58132	12.5284	-0.00214603
18	6.32643	15.6549	13.1426	-0.00232871
19	5.93474	7.44233	12.5542	-0.00214144
20	6.033	13.385	10.4904	-0.00145681
21	0.761693	7.77537	9.60573	-0.00117361
22	0.75149	7.19867	7.05871	-0.000339657
23	5.84495	15.9392	6.21012	-6.47226e-05
24	0.750192	14.9118	5.16052	0.000271266
25	0.75313	7.12777	3.49152	0.000811973
26	5.79138	6.64837	2.7977	0.00103664
27	0.750181	9.71754	2.30227	0.00119372
28	6.12054	8.25972	2.78533	0.00103771
29	6.07729	7.18346	3.47211	0.000813294
30	6.06705	7.33126	4.9163	0.000347184
31	5.79036	11.2877	3.4624	0.000813956
32	0.75863	7.09794	2.76058	0.00103987
33	5.84856	7.76483	1.85741	0.00133319
34	5.76092	7.8712	1.08027	0.00158406
35	0.756111	6.60139	0.287766	0.00184044
36	0.759355	7.5403	-0.231522	0.00200773
37	5.8941	7.43246	0.426594	0.00179137
38	5.84081	6.45251	0.909712	0.00163228
39	0.752642	6.17986	0.759491	0.00167903
40	0.755244	9.67853	0.354541	0.0018093
41	0.752798	6.74781	0.350636	0.00180873
42	0.744452	8.89734	-0.380893	0.00204571
43	0.761276	9.70834	-0.829536	0.00219104
44	0.760648	24.4123	-1.40669	0.0023789
45	0.748941	6.91353	-2.40416	0.00270673
46	0.751798	7.27928	-3.64208	0.00311935
47	0.75239	6.84781	-4.13909	0.00329536
48	0.74808	6.28662	-5.176	0.00365916
49	0.753018	7.6138	-5.80871	0.00390506
50	0.749057	11.7775	-10.2602	0.00559932
51	0.762739	6.31529	-11.9078	0.00627505
52	0.754473	6.93692	-17.3093	0.0086066
53	0.749885	8.04568	-18.76	0.00931317
54	0.753057	7.38157	-22.9159	0.0114017
55	0.756342	10.381	-30.3505	0.019006
56	0.754963	6.21038	-25.6404	0.0239228
57	0.753162	0.762671	-4.08253	0.00947582
58	0.751512	6.10646	-3.2879	0.008273
59	0.753249	5.98132	-2.14724	0.00634432
60	0.751834	15.58	-1.14779	0.00442222
61	0.748913	5.86801	-0.596649	0.00324935
62	0.75012	0.765122	-0.461817	0.00294705
63	0.74857	8.92302	-0.119829	0.00216548
64	0.745242	5.82435	0.0083791	0.00186155
65	0.745478	6.33742	0.0989904	0.00164307
66	0.748173	7.69242	0.12637	0.00157539
67	0.743962	6.87419	0.132401	0.00155915
68	0.741594	6.20845	0.153417	0.00150662
69	0.742498	6.1592	0.173254	0.00145686
70	0.740279	6.09305	0.171299	0.00145988
71	0.742356	21.2735	0.186262	0.00142185
72	0.740485	6.61734	0.199821	0.00138726
73	0.73544	6.25727	0.184049	0.00142388
74	0.736399	7.15157	0.185156	0.00141956
75	0.685977	3.29896	0.172711	0.00144804
76	0.683129	12.0215	0.163604	0.0014684
77	0.68568	6.64618	0.152425	0.00149373
78	0.683411	3.22014	0.139202	0.00152393
79	0.688263	18.7822	0.119625	0.00156929
80	0.679729	10.7039	0.104814	0.00160316
81	0.678452	6.03168	0.0560772	0.00171824
82	0.683736	25.589	-0.0144244	0.0018844
83	0.682032	6.22021	-0.0635701	0.00199915
84	0.73596	9.2491	-0.01736	0.00188796
85	0.684399	0.741049	-0.040469	0.00194109
86	0.681098	3.36062	-0.090793	0.00205841
87	0.678752	6.53259	-0.167356	0.00223728
88	0.679329	6.30893	-0.213252	0.00234358
89	0.67516	6.00671	-0.24658	0.00242121
90	0.677715	6.05466	-0.428053	0.00284542
91	0.67621	3.25745	-0.508119	0.0030266
92	0.673751	8.5069	-0.596087	0.00322406
93	0.671252	9.07348	-0.587204	0.00320277
94	0.674645	6.49325	-0.580308	0.00318594
95	0.681195	16.1236	-0.552923	0.00312277
96	0.67932	9.73442	-0.533813	0.00307963
97	0.670965	25.5186	-0.519006	0.00304501
98	0.678883	16.063	-0.512788	0.00302859
99	0.682841	17.9237	-0.508469	0.00301741
100	0.679774	21.8437	-0.47964	0.00294925
101	0.674494	7.3854	-0.454832	0.00289057
102	0.67664	22.9364	-0.444383	0.00286507
103	0.67634	17.1448	-0.426861	0.00282293
104	0.676343	6.87371	-0.406464	0.00277404
105	0.687399	11.0913	-0.383179	0.00271773
106	0.6742	6.18667	-0.363019	0.00266872
107	0.677028	7.74712	-0.339722	0.0026133
108	0.679359	6.9877	-0.318773	0.00256245
109	0.677376	7.13678	-0.274027	0.00245568
110	0.614859	34.273	-0.322679	0.00256904
111	0.675465	48.9261	-0.27776	0.00246172
112	0.674923	7.19878	-0.262225	0.00242362
113	0.687426	84.7039	-0.256826	0.00240912
114	0.672305	6.70969	-0.252776	0.0023978
115	0.633485	47.0008	-0.258397	0.00241001
116	0.621149	3.45719	-0.267202	0.00242981
117	0.62863	5.79202	-0.274338	0.00244574
118	0.678481	28.7644	-0.269099	0.00243153
119	0.621931	6.21682	-0.278017	0.00245174
120	0.625139	6.11715	-0.282588	0.00246148
121	5.68264	14.7402	-0.27257	0.00243629
122	0.629704	6.34385	-0.271973	0.00243435
123	0.621996	6.72926	-0.277835	0.00244724
124	0.623235	9.83934	-0.285728	0.00246492
125	0.629117	12.4307	-0.2853	0.00246287
126	0.623186	6.44179	-0.280706	0.00245077
127	0.623063	5.80171	-0.28398	0.00245736
128	0.622867	7.52918	-0.289984	0.00247039
129	0.624852	5.80367	-0.278903	0.00244246
130	0.622952	6.28458	-0.275295	0.00243237
131	0.624186	6.70585	-0.273168	0.00242586
132	0.623232	3.19121	-0.273055	0.0024242
133	0.618547	6.38164	-0.270019	0.00241566
134	0.619189	6.00019	-0.268409	0.00241029
135	0.622378	6.33711	-0.264464	0.00239945
136	0.619581	5.7486	-0.244393	0.00234999
137	0.631165	10.1397	-0.237069	0.00233126
138	0.621911	0.671639	-0.230299	0.00231291
139	0.617569	0.637407	-0.22711	0.00230396
140	0.621694	7.9264	-0.223335	0.00229377
141	0.620652	6.09008	-0.221722	0.00228856
142	0.620967	3.206	-0.216512	0.00227481
143	0.624406	17.7637	-0.214208	0.00226798
144	0.618138	6.11036	-0.207015	0.00224959
145	0.619915	5.76283	-0.199646	0.00223048
146	0.620805	3.47749	-0.193628	0.00221493
147	0.619313	5.83208	-0.187317	0.00219808
148	0.620078	5.69457	-0.182833	0.00218568
149	0.621609	61.9645	-0.179516	0.00217632
