generation	best_fitness	median_fitness	predicted_fitness	fitness_progress
0	0.678809	30.2387	0	0
1	0.673948	20.9777	-1.75646	0.00721245
2	0.674979	7.86809	-0.28254	0.00283316
3	0.628334	6.2577	-1.76618	0.00726485
4	0.6303	6.0881	-5.43338	0.0187009
5	0.627749	6.7091	-5.29621	0.0183039
6	0.623655	3.54803	-3.9725	0.0142156
7	0.62613	17.8126	-1.42389	0.00644512
8	0.623646	6.76446	-1.0383	0.00523649
9	0.625519	8.60319	-0.654418	0.00404102
10	0.624275	3.26951	-0.35939	0.00311458
11	0.623075	5.87022	-0.062049	0.00217566
12	0.621025	17.1098	0.0447999	0.00183699
13	0.622393	5.83791	0.130061	0.00156641
14	0.621132	3.27618	0.173207	0.0014285
15	0.621148	3.26483	0.22915	0.00125019
16	0.618561	7.67297	0.198805	0.00134421
17	0.615685	6.14501	0.15394	0.00148375
18	0.616824	6.497	0.160718	0.00146053
19	0.617269	5.86399	0.169578	0.00143083
20	0.615576	6.15313	0.184002	0.00138375
21	0.672199	14.0592	0.203701	0.00131994
22	0.621837	5.84848	0.211544	0.00129379
23	0.616492	3.36203	0.226277	0.00124582
24	0.621975	0.673264	0.236644	0.00121154
25	0.621061	6.24612	0.244711	0.00118467
26	0.620248	3.19281	0.250364	0.0011655
27	0.619628	6.27913	0.266035	0.00111505
28	0.619419	5.91492	0.295067	0.0010228
29	0.618543	6.51491	0.302971	0.000996828
30	0.619016	5.83722	0.315965	0.000954854
31	0.61862	6.4334	0.318753	0.000945179
32	0.616892	6.3145	0.34732	0.000855841
33	0.617964	9.71558	0.370692	0.000782579
34	0.615983	6.49347	0.405878	0.000673755
35	0.613841	6.0398	0.410906	0.00065709
36	0.614649	6.75862	0.433146	0.000586571
37	0.615549	7.49988	0.441472	0.000560049
38	0.615489	33.9971	0.442192	0.000557091
39	0.6148	7.32939	0.439797	0.000563405
40	0.616569	9.45449	0.445333	0.000545452
41	0.617251	21.9694	0.452502	0.000521949
42	0.617663	5.80725	0.457831	0.000504562
43	0.613935	14.0152	0.452808	0.000519287
44	0.61257	7.04786	0.450502	0.000525624
45	0.614674	6.72533	0.452164	0.000519557
46	0.612999	9.38705	0.453177	0.000515399
47	0.618297	14.651	0.456157	0.000505283
48	0.615272	6.27042	0.461495	0.000488136
49	0.618368	7.25532	0.465749	0.000474881
50	0.613905	3.28323	0.466932	0.000470856
51	0.617353	8.75857	0.471227	0.000456892
52	0.613507	3.52251	0.474787	0.000445146
53	0.614858	7.63145	0.477185	0.000437093
54	0.616326	3.20764	0.478501	0.000432418
55	0.615253	14.9184	0.481849	0.000421413
56	0.613168	15.4638	0.485843	0.000408507
57	0.61913	5.97516	0.488516	0.000399607
58	0.620151	11.1688	0.491537	0.000389686
59	0.624179	39.4726	0.493083	0.000384364
60	0.617388	17.9181	0.496248	0.000374071
61	0.615103	0.624014	0.501267	0.000358185
62	0.616326	6.30211	0.503206	0.000351753
63	0.616059	6.71165	0.506367	0.000341638
64	0.61602	15.8505	0.51193	0.000324248
65	0.615183	6.93214	0.513933	0.000318027
66	0.615039	6.08446	0.517215	0.000307708
67	0.616792	13.409	0.522239	0.000292244
68	0.614675	5.85408	0.525836	0.000281328
69	0.613972	6.30949	0.536151	0.000250122
70	0.612924	6.55219	0.540915	0.000234975
71	0.614355	8.79078	0.543647	0.000226337
72	0.613738	6.3191	0.545742	0.000219434
73	0.610696	6.45451	0.544857	0.000221754
74	0.613058	6.06026	0.544119	0.000223589
75	0.612142	6.06903	0.543417	0.000225157
76	0.614912	6.22877	0.545797	0.000217579
77	0.612317	12.2548	0.545144	0.000219177
78	0.612992	3.15358	0.547435	0.00021188
79	0.613321	8.25451	0.547584	0.000211128
80	0.612748	8.80051	0.547292	0.000211695
81	0.613612	5.89043	0.548385	0.000207949
82	0.611509	5.71196	0.547217	0.000211151
83	0.610731	5.92868	0.546478	0.000212938
84	0.615175	5.90828	0.548408	0.000206724
85	0.611554	0.621101	0.548033	0.000207513
86	0.611109	5.76987	0.547572	0.00020854
87	0.612357	6.13565	0.547441	0.000208584
88	0.610983	12.8771	0.546957	0.000209656
89	0.61198	7.29029	0.546053	0.000212022
90	0.60997	3.31067	0.545032	0.000214629
91	0.613032	6.80639	0.545791	0.000212066
92	0.612856	12.9653	0.546598	0.000209331
93	0.613201	6.9204	0.547363	0.000206646
94	0.61137	19.1145	0.547118	0.00020706
95	0.613882	3.16454	0.547964	0.000204297
96	0.614667	23.1573	0.548846	0.000201417
97	0.615199	5.78749	0.549899	0.00019809
98	0.618444	22.858	0.550868	0.000194971
99	0.617828	7.44001	0.55219	0.000190608
100	0.614864	15.4762	0.552706	0.000188773
101	0.615728	25.3207	0.553739	0.000185431
102	0.615772	6.99665	0.555138	0.000181083
103	0.61099	6.64262	0.554677	0.000182112
104	0.619935	7.11929	0.555767	0.000178696
105	0.613247	5.74382	0.556344	0.000176664
106	0.615409	5.89629	0.557058	0.000174295
107	0.615657	5.88891	0.557754	0.000171968
108	0.614033	0.668689	0.558359	0.000169998
109	0.616967	6.07196	0.558987	0.000167889
110	0.613183	6.90407	0.559633	0.000165778
111	0.617405	7.20413	0.56045	0.000163352
112	0.61414	6.90993	0.56084	0.000162176
113	0.61679	6.10251	0.561584	0.000159757
114	0.613954	16.4567	0.562458	0.000156909
115	0.615124	5.98359	0.564396	0.000151175
116	0.614733	0.653301	0.565563	0.000147783
117	0.616939	6.84178	0.566335	0.000145376
118	0.616347	6.88366	0.567124	0.00014305
119	0.614178	5.7193	0.56833	0.000139243
120	0.617828	7.30168	0.569297	0.000136226
121	0.617877	12.3542	0.57062	0.000132203
122	0.616389	5.84022	0.572166	0.000127554
123	0.616213	7.9984	0.573236	0.000124512
124	0.617283	6.12075	0.574435	0.00012095
125	0.615669	5.99835	0.57624	0.000115514
126	0.614899	0.645663	0.57726	0.000112404
127	0.615617	6.0118	0.578264	0.000109454
128	0.620035	51.7763	0.579254	0.00010644
129	0.616785	6.15188	0.580652	0.000102614
130	0.617767	7.38903	0.581769	9.92806e-05
131	0.615941	6.14889	0.582799	9.64727e-05
132	0.617431	44.063	0.584087	9.27005e-05
133	0.617347	6.89899	0.585673	8.80535e-05
134	0.616227	6.72109	0.586945	8.42674e-05
135	0.618588	8.67681	0.58766	8.21161e-05
136	0.619095	8.69943	0.588679	7.91668e-05
137	0.617638	6.7638	0.591671	7.05644e-05
138	0.618342	0.627329	0.593061	6.65147e-05
139	0.616073	5.78384	0.594073	6.38541e-05
140	0.617136	6.10747	0.59493	6.14296e-05
141	0.61654	6.29826	0.595967	5.86527e-05
142	0.61816	9.08801	0.597262	5.49697e-05
143	0.618765	10.1894	0.597836	5.32444e-05
144	0.61781	20.0093	0.599497	4.82303e-05
145	0.618312	6.79214	0.600477	4.52835e-05
146	0.618228	9.37053	0.601716	4.17101e-05
147	0.618	23.9841	0.602139	4.05111e-05
148	5.72955	31.0409	0.604291	3.41154e-05
149	0.617806	6.19911	0.604698	3.31847e-05
