pelvis_tilt.offset                  	-0.06716292	-0.066832385	0.0013065771	
hip_flexion_r.offset                	0.12101763	0.12116167	0.0014128385	
knee_angle_r.offset                 	0.047350849	0.046706915	0.0012536594	
ankle_angle_r.offset                	0.07094829	0.070008669	0.0013271778	
hip_flexion_l.offset                	0.014022163	0.013259719	0.001276028	
knee_angle_l.offset                 	0.042585019	0.042774738	0.001337303	
ankle_angle_l.offset                	-0.0095543389	-0.0085161176	0.0013250594	
leg0_l.stance_load_threshold        	0.16847747	0.16794136	0.0012864139	
leg1_r.stance_load_threshold        	0.19993831	0.1968142	0.0012483987	
S11111.tib_ant_l.KL                 	1.5004476	1.5118456	0.015000978	
S11111.tib_ant_l.L0                 	0.76883889	0.77289105	0.0034706264	
S11111.tib_ant_l-soleus_l.KF        	-0.37875386	-0.38163185	0.004334893	
S11111.tib_ant_r.KL                 	1.4847366	1.487402	0.01515158	
S11111.tib_ant_r.L0                 	0.76630043	0.76714741	0.0036244799	
S11111.tib_ant_r-soleus_r.KF        	-0.27982142	-0.28509841	0.0042333302	
S00111.soleus_l.KF                  	0.99772704	1.0116997	0.0082748845	
S00111.gastroc_l.KF                 	1.2765979	1.2866769	0.0077335523	
S00111.soleus_r.KF                  	0.96460062	0.96010073	0.0081060774	
S00111.gastroc_r.KF                 	1.3319626	1.3322492	0.0076144046	
S00011.vasti_l.KF                   	0.983636	0.96901945	0.0076618225	
S00011.vasti_l.C0                   	0.044630212	0.043817162	0.00083799873	
S00011.vasti_l-knee_angle.pos_max   	-0.049228601	-0.048459263	0.0021434181	
S00011.hamstrings_l-pelvis_tilt_l.KP	0.64294504	0.65034592	0.023554423	
S00011.hamstrings_l-pelvis_tilt_l.KV	0.45295164	0.44891457	0.0032598404	
S00011.hamstrings_l-pelvis_tilt_l.C0	0.0010345842	0.0023070169	0.0011868435	
S00011.glut_max_l-pelvis_tilt_l.KP  	0.64639951	0.65407204	0.024121362	
S00011.glut_max_l-pelvis_tilt_l.KV  	0.85020351	0.85111291	0.0051198696	
S00011.glut_max_l-pelvis_tilt_l.C0  	0.0059824072	0.0046632752	0.0015023821	
S00011.iliopsoas_l-pelvis_tilt_l.KP 	-2.0085079	-1.9495158	0.02817355	
S00011.iliopsoas_l-pelvis_tilt_l.KV 	-0.73413778	-0.73732579	0.0031882042	
S00011.iliopsoas_l-pelvis_tilt_l.C0 	0.18307311	0.18335271	0.0014188259	
S00011.vasti_r.KF                   	0.92719458	0.94577069	0.0080655971	
S00011.vasti_r.C0                   	0.057635785	0.056972742	0.00085131838	
S00011.vasti_r-knee_angle.pos_max   	-0.12361523	-0.11959429	0.0022466242	
S00011.hamstrings_r-pelvis_tilt_r.KP	1.6512928	1.673014	0.02393254	
S00011.hamstrings_r-pelvis_tilt_r.KV	0.53796444	0.53230492	0.0032528156	
S00011.hamstrings_r-pelvis_tilt_r.C0	0.0028808516	0.0026645564	0.0012656105	
S00011.glut_max_r-pelvis_tilt_r.KP  	1.1739552	1.1677433	0.023552088	
S00011.glut_max_r-pelvis_tilt_r.KV  	0.78980357	0.79309895	0.0050619674	
S00011.glut_max_r-pelvis_tilt_r.C0  	0.0032898449	-0.00069530439	0.0015006436	
S00011.iliopsoas_r-pelvis_tilt_r.KP 	-2.0325421	-1.9918235	0.02887208	
S00011.iliopsoas_r-pelvis_tilt_r.KV 	-0.67441491	-0.67204646	0.0031930341	
S00011.iliopsoas_r-pelvis_tilt_r.C0 	0.2469012	0.24653179	0.0015592947	
S00100.iliopsoas_l.C0               	0.51563741	0.51822978	0.0043381738	
S00100.glut_max_l.C0                	-0.29324602	-0.29704503	0.0031578293	
S00100.iliopsoas_r.C0               	0.54759189	0.54779175	0.0043555633	
S00100.glut_max_r.C0                	-0.30422423	-0.3058265	0.003180665	
S11000.iliopsoas_l.KL               	0.16079877	0.16440397	0.0040647389	
S11000.iliopsoas_l.L0               	0.063458415	0.072218483	0.0074636334	
S11000.iliopsoas_l-pelvis_tilt_l.P0 	-0.13035098	-0.13118505	0.0012913488	
S11000.iliopsoas_l-pelvis_tilt_l.KP 	0.79625141	0.77735307	0.015628814	
S11000.iliopsoas_l-pelvis_tilt_l.KV 	0.25364411	0.25349357	0.0036160359	
S11000.iliopsoas_l-hamstrings_l.KL  	-0.60165623	-0.60177896	0.037495096	
S11000.iliopsoas_l-hamstrings_l.L0  	0.87204852	0.88065371	0.0064950727	
S11000.hamstrings_l.KF              	-0.2267867	-0.22418024	0.0089991898	
S11000.glut_max_l.KF                	0.44621223	0.44095092	0.0046949116	
S11000.iliopsoas_r.KL               	0.17614815	0.18034169	0.0039746152	
S11000.iliopsoas_r.L0               	0.097945479	0.11086253	0.0073605588	
S11000.iliopsoas_r-pelvis_tilt_r.P0 	-0.11651277	-0.11555528	0.0013116484	
S11000.iliopsoas_r-pelvis_tilt_r.KP 	0.89202657	0.88636307	0.014959591	
S11000.iliopsoas_r-pelvis_tilt_r.KV 	0.3025068	0.30781429	0.0037317875	
S11000.iliopsoas_r-hamstrings_r.KL  	-0.68873113	-0.77358855	0.037696733	
S11000.iliopsoas_r-hamstrings_r.L0  	0.95087463	0.95358876	0.0062839857	
S11000.hamstrings_r.KF              	-0.33882654	-0.34848085	0.0091263528	
S11000.glut_max_r.KF                	0.35836987	0.36341859	0.0048790535	
