generation	best_fitness	median_fitness	predicted_fitness	fitness_progress
0	36.1147	76.9045	0	0
1	19.1357	73.6648	-8470.36	0.887292
2	10.5246	62.2091	-6387.01	0.756116
3	13.0702	39.0855	-4299.48	0.585456
4	7.71838	59.7868	-2495.85	0.328788
5	20.9844	57.6328	-1703.79	0.269579
6	13.5664	37.0593	-704.876	0.0921895
7	15.1169	34.2682	97.1082	-0.0118729
8	10.7616	36.4791	-224.509	0.0332163
9	13.0305	41.8567	-199.441	0.029543
10	14.5944	47.9916	-33.1105	0.00680343
11	9.99172	32.7525	-147.904	0.0232362
12	8.24421	37.5549	-262.476	0.0410378
13	11.2219	51.5367	-217.686	0.0337802
14	11.845	33.8796	-161.439	0.026273
15	10.7593	34.9693	-161.962	0.0264292
16	11.6575	47.1407	-124.946	0.0210743
17	11.5173	26.3263	-100.472	0.0172659
18	13.6435	30.9731	-90.3824	0.0157925
19	11.2169	29.523	-73.2744	0.0133131
20	12.6725	40.2812	-44.3931	0.00908133
21	14.9451	45.9539	-43.5047	0.00895282
22	12.8595	37.5598	1.86936	0.00167402
23	9.31778	46.0465	-39.7465	0.00837979
24	10.5757	36.4016	-44.2782	0.00915409
25	10.6389	37.5464	-44.2152	0.00917089
26	10.4936	21.0879	-44.9442	0.00931718
27	13.7674	28.0261	-44.4346	0.00925577
28	7.41739	40.9974	-45.1661	0.00940481
29	12.233	30.7551	-44.6541	0.00934224
30	10.569	37.8106	-44.6025	0.00935166
31	10.9942	26.9329	-43.0592	0.00910438
32	12.129	23.8179	-35.1572	0.0077202
33	13.4383	33.2149	-27.065	0.00637658
34	12.1428	31.1172	-19.6822	0.00516071
35	7.63529	18.1217	-27.2157	0.0064175
36	7.31686	35.3504	-35.5216	0.00784128
37	12.1772	35.5433	-32.811	0.00738853
38	7.65921	37.6693	-40.3397	0.0087395
39	7.69265	30.2786	-45.4707	0.00973742
40	8.41664	42.1121	-45.7746	0.0098256
41	7.67485	42.0549	-46.4945	0.00999314
42	11.8431	40.8962	-45.9938	0.0099231
43	7.28202	54.2952	-46.6231	0.0100767
44	13.3328	32.7701	-46.1774	0.0100154
45	7.48415	34.0161	-46.6408	0.0101408
46	12.0911	29.3064	-46.3964	0.0101167
47	11.8665	16.2193	-44.7596	0.00981959
48	11.7866	15.7151	-40.8379	0.00903853
49	9.52006	31.182	-33.84	0.00773126
50	7.69909	22.7896	-38.2195	0.00855483
51	12.1857	31.488	-33.3532	0.00767145
52	10.7757	34.3229	-29.5428	0.00690184
53	10.2926	15.2152	-22.3166	0.00571191
54	10.5324	31.4885	-18.8452	0.00509691
55	11.592	33.9331	-14.7693	0.0043686
56	13.4951	30.0069	-10.7693	0.00369948
57	11.0517	29.2484	-9.58573	0.00348824
58	11.9762	15.0223	-4.86638	0.00270207
59	9.37938	32.0524	-8.21877	0.00326083
60	10.6388	28.7489	-6.0162	0.0028936
61	7.78106	23.1746	-8.6928	0.00333801
62	8.78281	30.6067	-10.5931	0.00367189
63	6.70043	43.4602	-12.8003	0.00404785
64	9.35942	36.4778	-13.185	0.00413602
65	7.46334	15.5088	-14.2122	0.00432531
66	6.61188	31.2885	-15.9852	0.00464005
67	6.74128	22.7917	-17.4357	0.00490224
68	6.58001	41.7282	-19.0409	0.00519528
69	5.91162	30.0268	-19.894	0.00535502
70	6.72359	31.9559	-22.3996	0.00585421
71	7.25605	43.9181	-23.3542	0.00605035
72	6.78517	29.7592	-25.8017	0.00651631
73	6.48423	37.6118	-28.1922	0.00697832
74	8.22767	29.922	-26.0135	0.00657217
75	13.3791	39.1657	-23.9779	0.00619145
76	5.94083	36.3722	-26.0718	0.00660235
77	6.81579	28.9417	-28.6562	0.00711077
78	6.61182	18.1242	-30.3203	0.00752231
79	6.85942	23.1533	-30.7836	0.00764418
80	7.20585	41.2706	-30.0613	0.00749162
81	6.79644	36.1862	-30.165	0.00753701
82	7.72311	36.3029	-29.8809	0.00747709
83	7.50528	21.9335	-30.0322	0.00745889
84	6.77364	12.3843	-30.4157	0.0075432
85	6.28254	40.8562	-31.0223	0.00770896
86	8.11813	33.0795	-31.3357	0.00770851
87	6.92881	13.7317	-31.0154	0.00764651
88	6.64401	10.6507	-30.487	0.00754057
89	6.55826	36.5461	-31.0778	0.00765029
90	6.79433	38.7511	-31.2152	0.00768343
91	6.923	13.4727	-31.084	0.00767385
92	5.97731	8.18038	-31.12	0.0077063
93	0.662311	14.2941	-32.0665	0.00789289
94	6.7394	11.1302	-31.2697	0.00776615
95	6.41136	7.77918	-30.6988	0.00768417
96	7.04827	12.0411	-30.3106	0.00764335
97	5.99002	9.00469	-30.5221	0.00769175
98	7.11111	8.01697	-30.1282	0.00765421
99	5.92417	9.6239	-30.2579	0.00767289
100	0.660241	12.28	-30.9151	0.00780389
101	0.712493	7.57639	-31.527	0.0079221
102	0.686559	6.75053	-32.0789	0.0080272
103	0.654851	18.4561	-32.8618	0.00820448
104	0.663758	6.85543	-33.4685	0.00837466
105	0.660558	24.9986	-33.963	0.00849749
106	0.713525	6.96503	-35.3523	0.0087972
107	0.67976	13.0137	-37.7133	0.00931145
108	0.652235	18.5191	-39.5319	0.00970954
109	0.735488	7.58007	-40.7313	0.00999417
110	0.674532	13.6018	-41.4547	0.0101758
111	0.654714	8.18348	-41.9086	0.0103748
112	0.656063	49.743	-42.613	0.0106076
113	0.713797	29.0075	-43.5175	0.0108609
114	0.731543	24.2363	-45.31	0.0112872
115	5.9228	46.1172	-43.7051	0.0109801
116	6.00437	28.518	-42.9826	0.0108376
117	0.659822	15.2825	-43.8927	0.011102
118	0.718132	49.2176	-45.6974	0.0115479
119	5.84109	27.9541	-44.0803	0.0112266
120	0.711082	10.288	-45.891	0.0116828
121	0.711026	36.5692	-46.3905	0.0118671
122	0.677038	8.07009	-47.6758	0.0123524
123	0.711466	51.1999	-48.0434	0.0125691
124	0.689656	22.5347	-49.4247	0.0130879
125	0.682494	43.8616	-50.0122	0.0133236
126	5.90686	31.7774	-49.6285	0.0132615
127	6.1978	8.37846	-48.4425	0.0128932
128	0.716926	7.25783	-49.6073	0.0133678
129	0.729389	25.8251	-50.2741	0.0136477
130	5.7712	9.53653	-49.4805	0.0134413
131	0.683197	12.8399	-49.2014	0.0134805
132	0.655825	40.5908	-49.9715	0.0138032
133	6.17591	49.0023	-49.0024	0.0135514
134	0.66009	30.9982	-49.4922	0.0136835
135	0.659301	6.63444	-49.2525	0.0137077
136	0.674971	25.6261	-49.0226	0.0136708
137	0.657427	9.26985	-48.8319	0.0136878
138	0.657164	42.2901	-48.574	0.0136277
139	0.680989	29.9031	-48.6909	0.0137095
140	0.656218	14.0681	-48.732	0.0137735
141	0.674406	16.4973	-48.5081	0.0137508
142	0.653599	52.3094	-48.3245	0.0137468
143	0.678621	52.8061	-48.6219	0.0138394
144	0.656068	19.5433	-48.6659	0.0138424
145	0.68632	52.0452	-48.5805	0.013856
146	0.706556	46.7539	-48.3532	0.0137879
147	0.655971	9.94798	-48.4587	0.0138837
148	0.706668	55.7195	-48.2419	0.0139006
149	0.707652	24.6146	-47.9759	0.0139076
