pelvis_tilt.offset              	-0.048066932	-0.048613579	0.00064925279	
hip_flexion_r.offset            	0.13654795	0.1355014	0.00073430344	
knee_angle_r.offset             	0.0462971	0.047162007	0.00063929816	
ankle_angle_r.offset            	0.067873289	0.069308329	0.00064469254	
hip_flexion_l.offset            	0.00052402305	0.0004378957	0.00065112947	
knee_angle_l.offset             	0.056983635	0.05701006	0.00064641009	
ankle_angle_l.offset            	0.0049823508	0.0046712737	0.0007349172	
stance_load_threshold           	0.18195333	0.181799	0.00072137098	
S11111.tib_ant.KL               	1.6808865	1.6836343	0.0075425003	
S11111.tib_ant.L0               	0.7773116	0.77690227	0.0017672708	
S11111.tib_ant-soleus.KF        	-0.24177123	-0.2424294	0.0020026491	
S00111.soleus.KF                	0.98375309	0.98509742	0.004295112	
S00111.gastroc.KF               	1.3219237	1.3213226	0.0041522041	
S00011.vasti.KF                 	1.0483335	1.0487945	0.0042712815	
S00011.vasti.C0                 	0.048001393	0.048481804	0.0004941466	
S00011.vasti-knee_angle.pos_max 	-0.07292015	-0.072371113	0.00093947501	
S00011.hamstrings-pelvis_tilt.KP	0.96253503	0.95385739	0.010163951	
S00011.hamstrings-pelvis_tilt.KV	0.4851934	0.48555353	0.001770191	
S00011.hamstrings-pelvis_tilt.C0	-0.028169186	-0.028211645	0.00058057761	
S00011.glut_max-pelvis_tilt.KP  	1.1063353	1.1134514	0.011868901	
S00011.glut_max-pelvis_tilt.KV  	0.72986663	0.73275979	0.0021416793	
S00011.glut_max-pelvis_tilt.C0  	-0.026482891	-0.026878818	0.00071138233	
S00011.iliopsoas-pelvis_tilt.KP 	-1.6828084	-1.6888301	0.014372827	
S00011.iliopsoas-pelvis_tilt.KV 	-0.71026092	-0.7132228	0.0014590324	
S00011.iliopsoas-pelvis_tilt.C0 	0.20165623	0.20218967	0.00078690945	
S00100.iliopsoas.C0             	0.55695407	0.55282513	0.0020951386	
S00100.glut_max.C0              	-0.24610593	-0.24674723	0.0014524762	
S11000.iliopsoas.KL             	0.13446765	0.13533408	0.0019680109	
S11000.iliopsoas.L0             	0.24688892	0.24688686	0.0042376477	
S11000.iliopsoas-pelvis_tilt.P0 	-0.11735228	-0.11779496	0.00067869763	
S11000.iliopsoas-pelvis_tilt.KP 	1.1209934	1.1180043	0.0069849654	
S11000.iliopsoas-pelvis_tilt.KV 	0.22721444	0.22799939	0.0017153441	
S11000.iliopsoas-hamstrings.KL  	-0.90411257	-0.91425665	0.019609528	
S11000.iliopsoas-hamstrings.L0  	0.81592574	0.81831648	0.0031349303	
S11000.hamstrings.KF            	-0.35602651	-0.34936262	0.0046702156	
S11000.glut_max.KF              	0.41561429	0.41904556	0.002523614	
