generation	best_fitness	median_fitness	predicted_fitness	fitness_progress
0	8.53065	10.9893	0	0
1	8.60745	11.708	47.0057	-0.0089221
2	8.75285	10.4981	64.303	-0.0127741
3	8.39119	10.2536	47.1593	-0.0088432
4	7.9809	10.7383	-54.4103	0.0148801
5	8.70838	10.9414	11.1946	-0.000606414
6	7.72125	10.6804	-60.2557	0.0164957
7	7.25116	10.4046	-100.621	0.0267852
8	8.37109	9.3783	-72.8999	0.0199837
9	7.65046	9.09263	-53.1267	0.0149514
10	7.78924	9.31915	-46.7267	0.013391
11	7.93151	9.39122	-43.9102	0.0127315
12	8.24551	9.83856	-33.3182	0.010111
13	8.37029	10.6015	-25.2793	0.00809772
14	7.9986	11.034	-13.1841	0.00514336
15	7.94267	10.0076	-8.44601	0.00400115
16	7.51758	10.5112	-13.3578	0.00519205
17	8.19736	9.83989	-8.51172	0.00401722
18	8.77943	10.5052	-1.65113	0.00235946
19	8.21774	10.4011	4.01255	0.00101014
20	7.99871	10.6807	1.68819	0.0015618
21	7.43469	10.6749	-2.70412	0.00260695
22	7.88211	10.566	-3.55434	0.00280853
23	8.49631	10.8574	1.30373	0.00164489
24	7.90201	9.93572	-0.0902987	0.00197678
25	7.65217	10.4129	-2.99631	0.00267152
26	7.99217	9.83513	-2.46405	0.00254237
27	8.41944	10.6603	1.59424	0.00156611
28	8.66489	9.56342	4.2755	0.000916607
29	8.06967	9.47316	3.44685	0.00112222
30	8.3131	10.3671	7.32727	0.000183176
31	7.85597	9.80983	4.99351	0.000744738
32	7.83233	9.85643	5.34412	0.000650754
33	7.84783	9.95841	3.33452	0.00113525
34	7.41469	10.1176	2.60594	0.0013074
35	7.51848	9.66306	1.69792	0.00152511
36	7.02484	10.4714	-0.0411224	0.00194224
37	7.17444	10.8837	-1.3693	0.00225798
38	6.94068	9.52357	-2.61939	0.00255608
39	7.2931	13.9732	-2.97279	0.00264143
40	7.33132	9.32168	-4.24344	0.00294796
41	7.2486	9.17008	-4.70376	0.00305897
42	6.94756	30.0179	-5.58151	0.00327663
43	7.34845	10.5792	-5.80096	0.00332948
44	6.635	9.81807	-6.42557	0.00348347
45	6.78131	13.5735	-7.16522	0.00366239
46	8.30141	10.144	-6.48039	0.00349565
47	7.28293	8.79944	-6.20163	0.00342384
48	6.48066	8.48176	-6.72531	0.00355457
49	6.853	8.73427	-7.28034	0.00368942
50	6.79904	9.53871	-7.8216	0.0038252
51	6.83899	9.53161	-8.17153	0.00391338
52	6.01616	9.00945	-8.64892	0.00403877
53	6.05952	15.9575	-8.88222	0.00409848
54	5.98191	9.79674	-9.3908	0.00422612
55	6.78189	9.14522	-9.7582	0.00431304
56	6.91675	9.96538	-10.3892	0.00446701
57	7.38204	9.2244	-9.82528	0.00432837
58	6.99047	10.4678	-9.5612	0.00426554
59	7.91062	9.83754	-9.38851	0.00422142
60	7.57498	9.91346	-8.54983	0.0040072
61	6.4723	10.3643	-9.53844	0.0042606
62	7.17427	9.11412	-9.14495	0.00415844
63	6.876	9.63705	-8.82581	0.00407721
64	7.41942	9.73787	-8.79047	0.00406857
65	6.23498	8.78616	-8.88758	0.0040939
66	6.47746	9.38952	-9.31599	0.00420482
67	7.00729	8.96613	-8.94936	0.00411073
68	6.12844	8.35376	-9.37922	0.00422258
69	6.19118	8.71223	-9.82325	0.00433484
70	5.7597	8.5998	-10.0349	0.00439409
71	5.75656	8.51124	-10.2799	0.00445997
72	7.34905	9.82752	-10.1003	0.00441349
73	0.751	8.20823	-10.346	0.00447995
74	5.92093	8.60398	-11.0465	0.00466318
75	6.21557	9.41785	-10.9599	0.00464005
76	6.58657	13.474	-10.4582	0.00451279
77	6.04049	9.70387	-10.7248	0.00458313
78	6.38639	8.84448	-10.5244	0.00453325
79	6.27123	7.82885	-10.2878	0.00446621
80	6.37927	9.46508	-10.1177	0.00442232
81	6.28269	16.9556	-9.7263	0.00432425
82	6.46592	10.1812	-9.4672	0.0042568
83	6.23625	7.56272	-9.43071	0.00424715
84	6.11449	8.50954	-9.40963	0.0042421
85	6.34451	6.98824	-8.91754	0.004109
86	6.38252	9.03074	-8.75377	0.00406362
87	7.1642	9.52609	-8.62505	0.00402906
88	6.04884	8.72644	-8.53528	0.0040058
89	6.08348	9.26468	-8.46671	0.00398873
90	6.11436	8.65243	-8.43682	0.00398198
91	0.74933	8.26196	-8.52444	0.0040047
92	6.18892	7.14402	-8.49433	0.0039979
93	0.749191	7.60199	-8.58218	0.00402081
94	5.9067	8.75083	-8.56863	0.00401801
95	6.44723	13.4893	-8.49342	0.00399745
96	0.755996	8.34799	-8.62621	0.00403422
97	6.43732	8.6545	-8.55064	0.0040135
98	6.81453	8.39699	-8.45337	0.00398628
99	5.99274	7.76149	-8.14548	0.00390602
100	5.77248	8.52847	-8.04055	0.00387909
101	0.744709	7.2037	-8.29174	0.00394336
102	5.75288	8.65709	-8.09568	0.00389419
103	5.91501	6.7239	-7.85612	0.00383189
104	5.87946	7.30027	-7.75634	0.00380662
105	5.76031	7.60076	-7.55768	0.00375669
106	6.97496	16.2921	-7.33105	0.00370228
107	5.88055	7.68307	-7.16115	0.00366067
108	5.8532	9.87628	-7.12239	0.00364881
109	6.1162	8.74642	-7.00123	0.00361499
110	6.17584	8.6418	-6.89212	0.00358484
111	0.745881	7.82253	-7.05172	0.0036281
112	6.22541	8.63261	-6.94214	0.00359774
113	5.92172	6.82898	-6.8003	0.0035606
114	5.96151	9.24597	-6.69461	0.00353282
115	0.740469	6.45437	-6.86773	0.00357799
116	0.737623	9.64526	-7.04219	0.00362381
117	0.742662	8.5773	-7.20316	0.00366803
118	0.738168	7.41577	-7.38066	0.00371747
119	0.740636	6.52672	-7.50995	0.00375311
120	0.738272	6.15929	-7.78087	0.00382132
121	0.737568	6.73653	-8.14634	0.00391609
122	0.729838	6.39286	-8.36446	0.00397467
123	0.730848	8.11986	-8.49843	0.00401155
124	0.731283	8.38801	-8.74389	0.00407862
125	0.731017	7.13217	-9.10094	0.00417712
126	0.731258	10.3386	-9.32534	0.00424503
127	0.729769	6.1603	-9.46224	0.00428554
128	0.73135	6.20571	-9.64901	0.00433818
129	0.727466	5.9339	-9.80654	0.00438315
130	0.726297	3.33668	-9.93602	0.00442316
131	0.731737	13.8937	-10.4183	0.00456419
132	0.729389	6.60559	-10.613	0.00462845
133	0.722333	8.81366	-10.9083	0.00472419
134	0.726265	5.86497	-11.3719	0.00487003
135	0.726061	7.55502	-11.661	0.00495804
136	0.726705	6.0477	-11.979	0.00505621
137	0.729459	6.11161	-12.1247	0.0051055
138	0.727661	8.25987	-12.3647	0.00518585
139	0.721675	0.732229	-12.5373	0.00525199
140	0.724842	6.05363	-12.9724	0.00539469
141	0.725559	9.65308	-13.3554	0.00552531
142	0.725448	3.26845	-13.6355	0.0056285
143	0.723576	6.32217	-14.0941	0.00578647
144	0.724116	6.15759	-14.3854	0.00589376
145	0.723828	6.2779	-14.4854	0.00593395
146	0.721897	3.23084	-15.0204	0.00611047
147	0.722601	6.00286	-15.2099	0.00618838
148	0.728772	6.2353	-15.6035	0.00634541
149	0.724197	0.733193	-15.756	0.00640758
