generation	best_fitness	median_fitness	predicted_fitness	fitness_progress
0	0.729476	6.85022	0	0
1	0.727204	6.45668	-0.408503	0.00312349
2	0.72541	5.88651	-0.291103	0.00279867
3	0.723652	5.79523	-0.173684	0.0024739
4	0.724657	0.730294	-0.166069	0.00245106
5	0.722775	3.25363	-0.15814	0.00242717
6	0.720732	0.729737	0.0328185	0.00189986
7	0.722065	6.1477	0.151302	0.00157252
8	0.723481	6.46348	0.22395	0.00137152
9	0.71703	11.5934	0.149025	0.001575
10	0.717938	5.81952	0.199217	0.00143564
11	0.715377	6.0215	0.157431	0.0015482
12	0.719618	3.3679	0.20374	0.00141964
13	0.721587	6.42459	0.240153	0.00131819
14	0.724523	6.14526	0.262443	0.00125599
15	0.721324	0.729673	0.283364	0.0011974
16	0.718362	5.83693	0.384397	0.000920883
17	0.716786	6.37657	0.447551	0.00074732
18	0.716948	3.25241	0.459955	0.000712566
19	0.717391	6.06188	0.474549	0.00067163
20	0.719168	5.74669	0.495227	0.000614221
21	0.714017	5.97179	0.486795	0.000635904
22	0.714407	6.49423	0.476407	0.000662819
23	0.717392	5.98561	0.490529	0.000623677
24	0.715315	3.27045	0.49572	0.000608799
25	0.720132	6.54339	0.51275	0.000561623
26	0.716654	5.87843	0.517155	0.000548755
27	0.715769	5.93512	0.516785	0.000548892
28	0.713535	0.721336	0.512914	0.000558437
29	0.714866	6.12958	0.514315	0.000553738
30	0.714414	0.72226	0.516509	0.00054693
31	0.714536	6.19791	0.529134	0.000513189
32	0.713125	5.8611	0.528269	0.000514307
33	0.712116	0.719927	0.520822	0.000533347
34	0.712231	3.22008	0.519206	0.000537225
35	0.710997	3.31751	0.51526	0.000546666
36	0.709594	0.716247	0.514275	0.000547941
37	0.70747	0.720027	0.512323	0.000552099
38	0.707027	0.716459	0.507073	0.000565213
39	0.707505	5.89128	0.505473	0.000568522
40	0.65534	0.712726	0.500134	0.000581798
41	0.705043	0.714296	0.497176	0.000588781
42	0.60275	3.2256	0.490659	0.000605304
43	0.705851	6.07195	0.484218	0.000621576
44	0.657023	3.25663	0.480892	0.000629318
45	0.602939	0.716329	0.477918	0.000636187
46	0.608816	3.19351	0.474205	0.000645105
47	0.603774	0.707471	0.467803	0.000660916
48	0.603812	0.707492	0.457812	0.000686432
49	0.602063	0.632749	0.452302	0.000699547
50	0.602558	0.680866	0.445172	0.000717014
51	0.604945	6.2413	0.443376	0.00072064
52	0.604847	0.661187	0.438217	0.000733208
53	0.602326	5.68829	0.433577	0.000744236
54	0.601759	5.75915	0.420033	0.000778831
55	0.601021	0.679602	0.411285	0.00080049
56	0.601909	0.702694	0.402654	0.000821861
57	0.60118	0.702025	0.397844	0.000833207
58	0.598647	5.61344	0.38627	0.000862391
59	0.60093	0.661803	0.375037	0.000890066
60	0.60015	3.14318	0.366843	0.000910148
61	0.599665	0.603901	0.349618	0.000953913
62	0.59969	0.605556	0.334525	0.00099179
63	0.599776	0.632445	0.294198	0.00109596
64	0.598748	0.602882	0.264484	0.00117192
65	0.597833	3.18713	0.248629	0.00121211
66	0.598129	0.607564	0.229049	0.00126226
67	0.599095	5.68731	0.201713	0.00133295
68	0.600055	5.64311	0.157356	0.00144913
69	0.599694	0.606461	0.141264	0.00149045
70	0.600629	3.13038	0.105219	0.0015854
71	0.599712	0.629575	0.0716662	0.00167418
72	0.600291	0.605976	0.0411989	0.00175506
73	0.601077	0.608051	0.0107967	0.00183615
74	0.600053	0.603285	-0.0195471	0.00191752
75	0.598277	0.603475	-0.0689633	0.00205203
76	0.598092	0.602856	-0.164443	0.00231728
77	0.598493	0.602514	-0.27085	0.00261742
78	0.596232	0.649423	-0.292695	0.00267839
79	0.596732	0.599293	-0.300609	0.00269875
80	0.59824	5.61896	-0.32329	0.00275988
81	0.597042	0.610292	-0.359068	0.00285888
82	0.596992	0.603273	-0.374054	0.00289961
83	0.596681	0.624205	-0.419923	0.00302457
84	0.595693	0.60827	-0.393086	0.0029467
85	0.596402	5.9993	-0.401696	0.00296971
86	0.595672	0.673161	-0.395262	0.00294998
87	0.593619	0.654048	-0.397421	0.00295489
88	0.594578	3.13596	-0.267771	0.00259076
89	0.594234	3.17642	-0.229832	0.00248106
90	0.594357	0.59808	-0.212336	0.00243024
91	0.593442	5.673	-0.204477	0.00240639
92	0.594727	13.4173	-0.0758241	0.00204675
93	0.593711	0.597484	0.0843073	0.00158949
94	0.593578	5.7546	0.106642	0.00152279
95	0.593731	5.71195	0.119376	0.0014845
96	0.592764	5.78099	0.172697	0.00132656
97	0.593452	5.85061	0.222923	0.00117523
98	0.593801	0.599238	0.248026	0.00109831
99	0.593929	15.7954	0.265598	0.0010438
100	0.595167	6.02439	0.295338	0.000951859
101	0.594827	5.68734	0.329928	0.000844559
102	0.595207	9.06796	0.34701	0.000790561
103	0.59551	5.74226	0.36418	0.000736611
104	0.594393	0.650093	0.373299	0.000707472
105	0.595084	5.85461	0.38287	0.000677128
106	0.594141	0.597672	0.395467	0.000637265
107	0.593712	3.1845	0.399163	0.000625461
108	0.593962	0.600851	0.403126	0.000612842
109	0.595307	5.70817	0.407377	0.000599099
110	0.595241	0.597956	0.416062	0.000571488
111	0.594475	6.09383	0.421588	0.000555006
112	0.594298	0.597192	0.426256	0.000541232
113	0.593337	5.64302	0.426263	0.000540337
114	0.593378	0.596649	0.432865	0.000518845
115	0.593712	0.596465	0.43492	0.000512117
116	0.59123	5.86741	0.436931	0.000505508
117	0.596518	31.6657	0.439569	0.000496649
118	0.593289	0.601418	0.440246	0.000493958
119	0.593547	5.70671	0.443061	0.00048434
120	0.592845	0.595458	0.446752	0.000472068
121	0.59215	3.14399	0.44849	0.000465852
122	0.592819	5.86704	0.451133	0.00045688
123	0.591073	0.594608	0.454278	0.000446365
124	0.590777	3.10771	0.455965	0.000440365
125	0.59149	0.594197	0.458483	0.000432206
126	0.59161	5.79436	0.459703	0.000428059
127	0.590682	3.16857	0.461702	0.000421427
128	0.591858	5.8105	0.463792	0.00041458
129	0.592535	5.80925	0.465652	0.000408218
130	0.591532	3.09815	0.470726	0.000391886
131	0.590305	0.59564	0.471745	0.000388231
132	0.592144	3.18591	0.474389	0.000379454
133	0.592814	6.40841	0.476352	0.000372645
134	0.590723	0.595755	0.477317	0.000369013
135	0.590411	0.594096	0.478006	0.000366562
136	0.588631	0.592974	0.47882	0.000363728
137	0.589622	5.80013	0.480284	0.000358557
138	0.590464	0.594748	0.481596	0.00035385
139	0.591019	5.87834	0.482734	0.00034976
140	0.589394	6.55467	0.483561	0.000346589
141	0.58912	6.12293	0.48555	0.000340043
142	0.589195	5.8628	0.486564	0.000336543
143	0.589567	5.82939	0.487469	0.000333315
144	0.589385	6.20926	0.488786	0.000328785
145	0.588696	6.35135	0.489582	0.000325703
146	0.587953	5.77723	0.490034	0.000323736
147	0.589324	5.83783	0.490829	0.000321052
148	0.58972	6.07331	0.491675	0.000318279
149	0.58987	3.2179	0.493075	0.000313408
