generation	best_fitness	median_fitness	predicted_fitness	fitness_progress
0	22.781	24.0216	0	0
1	22.4853	23.755	-125.332	0.0131479
2	22.3861	23.0706	-76.3421	0.00878177
3	21.851	22.5022	-125.924	0.0133231
4	21.3433	22.0045	-158.296	0.0163767
5	20.6241	21.6583	-233.11	0.0233467
6	20.0116	21.2216	-240.576	0.0243555
7	19.3733	21.5912	-248.003	0.0253327
8	19.7586	20.5877	-241.619	0.0249635
9	19.0887	20.4878	-235.14	0.0244902
10	19.2572	19.9003	-221.185	0.0232397
11	18.8191	19.9964	-197.018	0.0210751
12	17.0584	19.9787	-222.144	0.0237927
13	16.2094	19.3892	-233.884	0.0254028
14	12.9029	38.6549	-243.46	0.0267592
15	15.1332	62.8337	-249.564	0.0277355
16	17.1201	76.9525	-244.213	0.0274679
17	16.1295	20.0084	-235.888	0.0267624
18	17.7449	18.8986	-225.019	0.0256215
19	17.7867	34.9967	-200.463	0.0230153
20	13.4908	19.2494	-221.4	0.0257271
21	13.3673	19.8125	-218.666	0.0257126
22	16.0411	18.2502	-215.771	0.025558
23	14.9784	17.8906	-202.185	0.0241259
24	10.5895	17.9511	-216.686	0.0262283
25	13.3476	60.3726	-203.046	0.0247223
26	14.5411	19.0666	-185.967	0.02266
27	13.5278	17.9155	-178.628	0.0218578
28	13.6795	18.5692	-176.515	0.0218048
29	11.0763	18.307	-176.95	0.0220538
30	15.614	18.8135	-172.657	0.0216082
31	11.089	17.3492	-169.617	0.0214034
32	14.7075	28.382	-168.943	0.0214073
33	14.5311	18.4636	-166.928	0.0213089
34	12.691	17.4736	-164.351	0.0211111
35	12.8191	18.2152	-161.251	0.0208717
36	13.7183	17.6668	-154.297	0.0201728
37	10.8711	17.7048	-143.628	0.0188842
38	12.6137	17.9196	-140.672	0.0186278
39	12.5642	16.984	-135.828	0.0180754
40	11.1755	16.445	-133.458	0.0178567
41	11.0106	16.9315	-125.006	0.0167969
42	12.8232	16.487	-120.332	0.0163506
43	10.2922	16.9949	-118.879	0.0163134
44	11.7439	15.9443	-116.715	0.0161652
45	12.166	15.3513	-114.436	0.0158913
46	12.2008	16.6605	-112.464	0.0156774
47	12.9522	15.9601	-106.181	0.0149381
48	14.1184	20.0343	-99.3842	0.0140967
49	13.649	15.6755	-95.6671	0.0136536
50	9.98381	16.0788	-95.0746	0.0136711
51	13.6861	16.7864	-91.6666	0.0133026
52	10.4204	15.6511	-88.3631	0.012971
53	11.6662	14.9909	-85.4143	0.0126249
54	10.7973	16.3133	-84.48	0.0125594
55	14.3929	15.6895	-80.6351	0.0120565
56	11.1201	15.8069	-73.8345	0.0112389
57	14.2906	14.8459	-73.5464	0.0112321
58	10.7171	15.6572	-72.4471	0.0111269
59	10.6176	15.4883	-70.6494	0.0109417
60	10.3852	14.8223	-65.5349	0.0103874
61	12.9681	14.7466	-62.9136	0.0100531
62	10.9534	13.9202	-58.4122	0.009557
63	11.3123	14.7866	-57.2057	0.00944132
64	10.3566	14.3508	-56.4285	0.00936693
65	10.3228	15.0914	-53.9067	0.00906965
66	10.1587	13.6583	-51.3524	0.00873603
67	10.1702	18.2759	-48.645	0.00843975
68	9.78461	15.0124	-48.4946	0.00844827
69	9.52697	15.8699	-49.7504	0.00861964
70	9.32642	59.2321	-50.3797	0.00871769
71	9.44583	14.1243	-50.0439	0.00872115
72	10.2425	14.5606	-49.3396	0.00864812
73	9.09694	13.322	-49.8712	0.00875385
74	10.635	51.9716	-49.2202	0.00868383
75	11.978	15.1034	-48.4226	0.0086095
76	10.2384	14.8171	-47.2124	0.00846543
77	9.66458	13.3065	-46.2924	0.00837155
78	10.081	14.4197	-46.8188	0.00845854
79	9.85599	13.1703	-46.0239	0.00836203
80	9.99411	14.1903	-46.0957	0.00838744
81	10.9032	24.3483	-44.1234	0.00807743
82	9.91273	21.6396	-42.5854	0.00787685
83	10.4081	17.2199	-41.1155	0.00765178
84	11.791	15.0896	-40.6055	0.00758234
85	10.3625	13.5398	-40.2492	0.00754795
86	8.55684	13.8411	-40.3137	0.00757495
87	8.53226	12.3695	-40.0719	0.00755929
88	12.4319	14.7642	-39.5295	0.00748018
89	9.9465	13.7893	-38.0089	0.0072876
90	9.0955	13.6786	-37.5139	0.00720239
91	8.6762	12.6583	-37.3801	0.00718957
92	8.3051	17.1262	-37.5318	0.00722929
93	10.0642	12.6824	-37.2733	0.00720356
94	10.9494	24.9479	-36.6705	0.00712176
95	9.78268	14.7267	-35.7347	0.00700584
96	7.56909	12.4044	-36.007	0.00706196
97	8.86709	13.165	-35.2445	0.0069559
98	10.208	14.2716	-34.6002	0.00686373
99	8.51208	12.904	-33.9775	0.00679549
100	9.30085	13.0493	-33.8191	0.00678568
101	11.1605	12.9113	-33.572	0.00676344
102	11.4735	12.5526	-32.7167	0.00666737
103	9.12246	12.065	-32.0385	0.00657335
104	9.46866	12.2026	-31.3659	0.00648546
105	10.2656	13.301	-31.0101	0.00644087
106	10.6531	13.3402	-30.4618	0.00636326
107	8.59656	12.2551	-29.8636	0.00627777
108	9.16436	11.8063	-29.3452	0.00620823
109	9.3635	12.4666	-28.9395	0.00615628
110	10.6163	12.82	-28.3316	0.00606839
111	8.98468	12.0055	-26.9123	0.00583029
112	8.98809	11.5692	-26.5555	0.00574715
113	10.1887	12.0061	-26.2292	0.00569801
114	8.88925	11.7533	-25.7937	0.00563039
115	8.68034	12.466	-25.6377	0.00560783
116	8.946	11.9325	-25.581	0.00559772
117	9.53121	12.3557	-25.2527	0.00555536
118	8.77416	11.5023	-24.5707	0.0054723
119	8.76426	10.9129	-23.7886	0.00537394
120	9.53172	11.3884	-23.5902	0.0053506
121	8.98431	12.5244	-22.8573	0.0052421
122	9.17832	11.6689	-22.6932	0.00521264
123	8.38082	11.0935	-22.1044	0.00513219
124	8.53328	11.4172	-21.726	0.00508281
125	8.95189	11.3561	-20.7774	0.00494717
126	8.78687	11.1147	-20.1388	0.00484546
127	8.4538	10.5457	-19.4352	0.00475209
128	10.0369	12.2525	-18.9165	0.00468285
129	9.54316	11.8228	-18.4889	0.00462609
130	9.09394	11.5755	-18.1771	0.00458785
131	8.64951	10.651	-17.9046	0.00454727
132	8.62467	9.62346	-17.4913	0.00448552
133	8.25183	11.1411	-17.0756	0.00442963
134	9.32223	11.0477	-16.8476	0.00440134
135	8.42246	10.5652	-16.4453	0.00434151
136	9.12852	10.8168	-15.6407	0.00422352
137	8.46279	10.9311	-15.4117	0.00418788
138	8.09588	10.6515	-15.1645	0.00415021
139	8.03663	10.4765	-14.5605	0.00405171
140	8.0765	11.0845	-14.412	0.00403121
141	8.61689	11.586	-14.135	0.00398582
142	8.94256	9.99385	-13.8825	0.0039481
143	8.30921	9.76906	-13.5488	0.00389116
144	8.23496	10.3523	-13.5125	0.00388553
145	9.05501	10.7616	-13.2255	0.0038417
146	8.23103	10.3469	-12.9808	0.00380163
147	8.30042	10.5741	-12.936	0.00379306
148	8.03133	10.5428	-12.9433	0.00379368
149	6.80542	10.8444	-13.1654	0.00383222
