pelvis_tilt.offset              	-0.052430698	-0.052720154	0.0017053449	
hip_flexion_r.offset            	0.14833925	0.14643625	0.0017299397	
knee_angle_r.offset             	0.049156454	0.048457939	0.0016027398	
ankle_angle_r.offset            	0.053682465	0.056706437	0.0016422021	
hip_flexion_l.offset            	-0.0029104631	-0.0021480071	0.0016323785	
knee_angle_l.offset             	0.048149188	0.048311676	0.0015821647	
ankle_angle_l.offset            	-0.010138843	-0.0093681164	0.0017015271	
stance_load_threshold           	0.16383337	0.16525212	0.0016690271	
S11111.tib_ant.KL               	1.7513794	1.7686568	0.018843944	
S11111.tib_ant.L0               	0.7595385	0.75447845	0.0047461336	
S11111.tib_ant-soleus.KF        	-0.29745639	-0.2907276	0.0052969793	
S00111.soleus.KF                	0.93582833	0.94529107	0.010571579	
S00111.gastroc.KF               	1.3620901	1.3725363	0.01034479	
S00011.vasti.KF                 	1.1016177	1.0967336	0.011344973	
S00011.vasti.C0                 	0.045323025	0.046676647	0.0011392755	
S00011.vasti-knee_angle.pos_max 	-0.082300176	-0.082077353	0.0027002769	
S00011.hamstrings-pelvis_tilt.KP	0.7117426	0.70095555	0.02925194	
S00011.hamstrings-pelvis_tilt.KV	0.47423117	0.46865286	0.004135972	
S00011.hamstrings-pelvis_tilt.C0	-0.029555393	-0.029398305	0.0016109339	
S00011.glut_max-pelvis_tilt.KP  	1.0793611	1.1119156	0.029454254	
S00011.glut_max-pelvis_tilt.KV  	0.72873166	0.7202924	0.0055839383	
S00011.glut_max-pelvis_tilt.C0  	-0.015796161	-0.01568675	0.0018349773	
S00011.iliopsoas-pelvis_tilt.KP 	-2.1499859	-2.1867647	0.035339037	
S00011.iliopsoas-pelvis_tilt.KV 	-0.73905554	-0.74249528	0.0040991253	
S00011.iliopsoas-pelvis_tilt.C0 	0.19861456	0.19965196	0.0017853328	
S00100.iliopsoas.C0             	0.48536932	0.47940727	0.0053333427	
S00100.glut_max.C0              	-0.19755372	-0.20102532	0.0040381254	
S11000.iliopsoas.KL             	0.15024182	0.14335923	0.0049690916	
S11000.iliopsoas.L0             	0.23972476	0.24443247	0.0095519751	
S11000.iliopsoas-pelvis_tilt.P0 	-0.11462858	-0.11247101	0.001599091	
S11000.iliopsoas-pelvis_tilt.KP 	1.03731	1.0255488	0.018242353	
S11000.iliopsoas-pelvis_tilt.KV 	0.31630191	0.30916405	0.0046909045	
S11000.iliopsoas-hamstrings.KL  	-0.67269493	-0.72959843	0.049117569	
S11000.iliopsoas-hamstrings.L0  	0.80260786	0.81183019	0.0075420257	
S11000.hamstrings.KF            	-0.39842923	-0.39164368	0.010500701	
S11000.glut_max.KF              	0.39661368	0.4121307	0.0062890993	
