generation	best_fitness	median_fitness	predicted_fitness	fitness_progress
0	23.8994	24.5696	0	0
1	23.7371	24.1936	-57.4559	0.00684103
2	23.3836	23.8898	-105.581	0.0109698
3	23.189	23.7063	-100.512	0.0105621
4	23.0315	23.215	-90.1333	0.00969647
5	22.8072	23.0589	-86.0479	0.00936627
6	22.6582	23.1395	-78.2835	0.00872467
7	22.4279	23.1051	-75.8985	0.00854153
8	22.3625	22.8118	-73.5507	0.00835516
9	22.0893	22.6746	-73.211	0.00834267
10	21.7546	22.288	-73.934	0.00842555
11	21.3141	21.7644	-76.6852	0.00868999
12	20.9256	21.683	-81.4698	0.00913573
13	20.9911	21.5141	-84.7095	0.00945226
14	20.9781	21.3672	-83.3892	0.00935681
15	20.1054	21.1746	-85.1328	0.00954246
16	19.8492	21.0066	-86.9961	0.00973953
17	18.7938	20.3687	-91.9274	0.0102318
18	18.7826	19.8521	-97.1522	0.0107526
19	18.5254	19.7146	-103.848	0.0114379
20	14.7189	19.5134	-118.137	0.0128301
21	16.4123	17.9459	-118.775	0.0129564
22	14.6723	17.5558	-129.505	0.0141013
23	15.4045	18.5462	-134.198	0.0146645
24	14.3926	18.29	-143.983	0.0156518
25	16.0101	17.8137	-148.622	0.0162815
26	15.8577	17.9677	-150.275	0.0166041
27	14.7255	16.9737	-151.858	0.0168727
28	13.3605	16.9299	-160.205	0.0177999
29	11.2314	63.0686	-165.799	0.0185176
30	10.4182	16.3929	-170.94	0.0192948
31	12.0569	16.3305	-175.473	0.019988
32	13.3703	15.8353	-176.695	0.0202641
33	9.15182	16.9304	-183.21	0.0211931
34	10.5831	15.8326	-186.31	0.0218577
35	10.1669	15.2532	-190.65	0.0227429
36	10.7948	16.8588	-196.003	0.0235738
37	11.9395	17.6164	-187.769	0.0226215
38	11.0709	16.7517	-185.529	0.0225223
39	13.1321	16.4589	-182.206	0.022166
40	12.5133	15.787	-179.695	0.0220484
41	9.14589	16.4693	-182.637	0.0226266
42	10.7024	15.5533	-180.237	0.0225237
43	9.63588	15.6546	-180.263	0.0226543
44	9.2844	16.2583	-177.539	0.0223568
45	11.3331	15.7802	-176.283	0.0223241
46	11.1226	16.9531	-174.366	0.0222579
47	12.2986	15.8403	-174.216	0.0224225
48	10.0163	15.9506	-173.896	0.0225716
49	9.90673	15.1185	-172.541	0.0225721
50	10.256	16.9781	-169.869	0.0223634
51	8.81227	14.5547	-169.031	0.0225091
52	12.0134	16.3622	-164.288	0.0220305
53	9.45066	15.3712	-161.927	0.0218829
54	9.66807	15.6624	-160.519	0.0218341
55	10.3559	13.8667	-159.747	0.0218619
56	8.42732	14.6117	-154.243	0.0211793
57	7.39243	15.1623	-145.442	0.0197542
58	8.41713	15.4247	-143.532	0.0196128
59	8.4458	14.958	-143.007	0.0196586
60	7.82857	15.0161	-140.34	0.019385
61	8.21335	18.0232	-138.461	0.0192468
62	8.44631	10.7504	-136.73	0.0191262
63	6.78555	10.5412	-135.848	0.0191079
64	8.39674	14.287	-127.923	0.018058
65	8.59137	13.1186	-120.454	0.0174432
66	10.7786	13.0993	-118.398	0.0173508
67	7.29775	12.4669	-113.649	0.0170259
68	8.34853	13.9777	-111.428	0.0169036
69	8.55145	12.2986	-110.644	0.0169216
70	8.13426	10.9057	-107.038	0.016476
71	7.76621	13.377	-104.382	0.0162037
72	7.44411	14.7054	-101.296	0.015917
73	7.93747	12.2346	-97.1298	0.0154644
74	7.11444	10.9623	-94.4128	0.0151797
75	8.3224	12.2206	-91.3198	0.0148337
76	7.73956	9.25566	-89.9949	0.0146835
77	7.58143	12.4931	-87.5897	0.0143254
78	7.31455	9.80763	-84.5025	0.0138895
79	6.37557	11.3236	-82.4501	0.0136372
80	6.79029	11.1339	-80.7394	0.0134802
81	6.34873	10.5894	-79.2703	0.0133823
82	6.73258	9.24056	-77.242	0.0132725
83	7.44197	10.6677	-76.3094	0.0132208
84	8.21179	12.826	-75	0.013142
85	6.85432	10.1219	-73.7804	0.0129846
86	7.29357	10.4832	-72.4639	0.0128353
87	6.48963	8.90751	-72.1609	0.0128427
88	5.6837	10.3937	-71.8574	0.012877
89	5.99473	11.368	-69.7824	0.0126434
90	7.36037	8.61511	-68.7571	0.0125736
91	7.29049	15.7556	-66.9659	0.0123589
92	7.88474	8.88218	-63.6619	0.0119571
93	6.85181	9.51158	-62.5189	0.011832
94	6.84009	8.5585	-61.7443	0.0117859
95	6.93107	12.1467	-61.3064	0.0117733
96	7.09802	20.312	-59.7905	0.0115639
97	0.620192	9.74788	-61.5718	0.0119136
98	6.83263	24.9382	-60.0499	0.0116992
99	6.24048	9.54226	-59.232	0.0116155
100	0.621503	10.9534	-60.3093	0.0118377
101	0.61569	10.8484	-62.4074	0.0122483
102	0.618386	8.4421	-64.0642	0.0125287
103	0.631244	11.1813	-64.5233	0.0126709
104	0.628824	7.85251	-65.8545	0.01297
105	0.61973	35.0246	-68.986	0.0135294
106	0.625437	7.71173	-71.1231	0.0139799
107	0.71969	12.1614	-72.2384	0.0142291
108	0.730994	23.1176	-72.4755	0.01436
109	6.18529	9.21295	-71.5684	0.0142817
110	0.621265	9.17763	-72.7751	0.0145692
111	5.90669	10.2308	-71.8642	0.0144886
112	0.729045	9.07	-71.9572	0.0145886
113	6.61087	40.6878	-71.3474	0.0145667
114	0.628941	8.68822	-72.0706	0.0147772
115	0.634022	29.5435	-72.1746	0.014908
116	0.62758	10.6328	-71.7101	0.0149081
117	0.68105	11.2392	-71.8861	0.0150736
118	0.637028	11.6849	-72.2763	0.0152785
119	5.8277	12.7083	-71.8494	0.015245
120	0.73257	8.3253	-71.6776	0.0153643
121	0.63467	9.70801	-71.6109	0.015486
122	0.62881	7.16793	-71.4639	0.015516
123	0.735934	8.85437	-70.5665	0.0154854
124	0.735224	11.6759	-70.3608	0.0155102
125	0.725672	10.0938	-70.1012	0.0155064
126	0.635397	7.82029	-69.8106	0.0154982
127	0.631013	8.05722	-68.6819	0.0153923
128	0.640746	7.35206	-68.258	0.0154045
129	5.73683	10.5949	-67.8565	0.0154104
130	0.635789	8.67548	-67.6906	0.0154424
131	0.63596	8.45333	-67.6075	0.0155125
132	0.631374	9.46189	-67.219	0.0155671
133	0.633631	15.5219	-66.9661	0.0155444
134	0.651706	8.81901	-66.4527	0.0155596
135	0.638997	7.46011	-66.1856	0.015545
136	0.627049	0.647372	-65.8333	0.0155288
137	0.629717	8.98365	-65.7765	0.0155678
138	0.630287	7.24978	-65.4783	0.0155427
139	0.625765	7.52168	-65.5066	0.0156147
140	0.630547	14.2887	-64.9405	0.0155631
141	0.624276	3.21567	-64.5724	0.0155692
142	0.629869	3.49465	-64.5234	0.0156429
143	0.631163	6.1647	-64.4496	0.0156953
144	0.635926	7.42438	-64.2211	0.0157405
145	0.632805	6.20252	-63.67	0.015715
146	0.625699	0.643904	-63.4352	0.0157318
147	0.632222	7.54539	-63.2514	0.0158221
148	0.632245	6.87624	-62.8105	0.0158219
149	0.628452	6.92219	-62.2875	0.0158279
