pelvis_tilt.offset                  	-0.075987579	-0.076041991	0.0014186905	
hip_flexion_r.offset                	0.11933736	0.11967086	0.0015983284	
knee_angle_r.offset                 	0.033919483	0.035136732	0.0014206606	
ankle_angle_r.offset                	0.062872905	0.063210124	0.0015028698	
hip_flexion_l.offset                	0.0098347435	0.0084724101	0.0014675176	
knee_angle_l.offset                 	0.066314467	0.066700441	0.0014633985	
ankle_angle_l.offset                	-0.0014243756	0.00058000589	0.0015174628	
leg0_l.stance_load_threshold        	0.19237813	0.19338904	0.0015122827	
leg1_r.stance_load_threshold        	0.18128944	0.18118213	0.0014573046	
S11111.tib_ant_l.KL                 	1.3199853	1.3195272	0.01666823	
S11111.tib_ant_l.L0                 	0.81342668	0.81474873	0.0038850089	
S11111.tib_ant_l-soleus_l.KF        	-0.18382847	-0.18481329	0.0048680177	
S11111.tib_ant_r.KL                 	1.3001877	1.3194544	0.017598209	
S11111.tib_ant_r.L0                 	0.79132938	0.79096904	0.0041113869	
S11111.tib_ant_r-soleus_r.KF        	-0.24364721	-0.23994133	0.0047310804	
S00111.soleus_l.KF                  	1.0337445	1.0428223	0.009074472	
S00111.gastroc_l.KF                 	1.2786917	1.290819	0.0085846439	
S00111.soleus_r.KF                  	1.0254598	1.0314508	0.0092761226	
S00111.gastroc_r.KF                 	1.3094125	1.3074551	0.0086405245	
S00011.vasti_l.KF                   	1.0763824	1.082446	0.0092101979	
S00011.vasti_l.C0                   	0.02090596	0.022917697	0.0010204609	
S00011.vasti_l-knee_angle.pos_max   	-0.091052806	-0.091059873	0.0023365741	
S00011.hamstrings_l-pelvis_tilt_l.KP	0.98413214	1.0148387	0.025681735	
S00011.hamstrings_l-pelvis_tilt_l.KV	0.57230726	0.56417263	0.0039968505	
S00011.hamstrings_l-pelvis_tilt_l.C0	-0.055269027	-0.05637214	0.0014351487	
S00011.glut_max_l-pelvis_tilt_l.KP  	0.43778512	0.41320473	0.026288465	
S00011.glut_max_l-pelvis_tilt_l.KV  	0.76396505	0.76547886	0.0048818452	
S00011.glut_max_l-pelvis_tilt_l.C0  	-0.025744424	-0.02411942	0.0016850198	
S00011.iliopsoas_l-pelvis_tilt_l.KP 	-2.34148	-2.3527662	0.033832393	
S00011.iliopsoas_l-pelvis_tilt_l.KV 	-0.75384763	-0.75867248	0.0036624516	
S00011.iliopsoas_l-pelvis_tilt_l.C0 	0.19174212	0.19205112	0.0017586617	
S00011.vasti_r.KF                   	1.0958187	1.0855639	0.0092755446	
S00011.vasti_r.C0                   	0.039181954	0.038567581	0.001031627	
S00011.vasti_r-knee_angle.pos_max   	-0.13383611	-0.1320065	0.002421602	
S00011.hamstrings_r-pelvis_tilt_r.KP	1.1590116	1.1680444	0.025589617	
S00011.hamstrings_r-pelvis_tilt_r.KV	0.56630847	0.57096416	0.0039614905	
S00011.hamstrings_r-pelvis_tilt_r.C0	-0.0099338987	-0.011750844	0.0014104022	
S00011.glut_max_r-pelvis_tilt_r.KP  	0.80245294	0.83539539	0.02544543	
S00011.glut_max_r-pelvis_tilt_r.KV  	0.67221653	0.66754419	0.0052060128	
S00011.glut_max_r-pelvis_tilt_r.C0  	-0.038856406	-0.039725214	0.0017254111	
S00011.iliopsoas_r-pelvis_tilt_r.KP 	-2.1311772	-2.1705575	0.032732753	
S00011.iliopsoas_r-pelvis_tilt_r.KV 	-0.68823449	-0.68812461	0.0035813157	
S00011.iliopsoas_r-pelvis_tilt_r.C0 	0.21946899	0.22129659	0.001757364	
S00100.iliopsoas_l.C0               	0.48964406	0.48231389	0.00465623	
S00100.glut_max_l.C0                	-0.28988438	-0.2872632	0.0034793641	
S00100.iliopsoas_r.C0               	0.49447337	0.48605633	0.0044994958	
S00100.glut_max_r.C0                	-0.22196213	-0.21981767	0.0034559514	
S11000.iliopsoas_l.KL               	0.15102634	0.15678629	0.0047654431	
S11000.iliopsoas_l.L0               	0.10924065	0.12388172	0.0094166788	
S11000.iliopsoas_l-pelvis_tilt_l.P0 	-0.1293657	-0.128691	0.0015841412	
S11000.iliopsoas_l-pelvis_tilt_l.KP 	1.1780637	1.1902234	0.016805422	
S11000.iliopsoas_l-pelvis_tilt_l.KV 	0.27023384	0.27134215	0.0038129894	
S11000.iliopsoas_l-hamstrings_l.KL  	-0.83651456	-0.94270312	0.044241115	
S11000.iliopsoas_l-hamstrings_l.L0  	0.89477197	0.91216627	0.0079139607	
S11000.hamstrings_l.KF              	-0.31961732	-0.33531433	0.010625519	
S11000.glut_max_l.KF                	0.38608032	0.39189191	0.0054891167	
S11000.iliopsoas_r.KL               	0.17320233	0.17202825	0.0047415606	
S11000.iliopsoas_r.L0               	0.40633018	0.39114976	0.0092711812	
S11000.iliopsoas_r-pelvis_tilt_r.P0 	-0.11806009	-0.11842474	0.0015603478	
S11000.iliopsoas_r-pelvis_tilt_r.KP 	1.0061885	0.99354981	0.017298783	
S11000.iliopsoas_r-pelvis_tilt_r.KV 	0.32762884	0.33074519	0.0038381572	
S11000.iliopsoas_r-hamstrings_r.KL  	-0.62797719	-0.60485456	0.04298057	
S11000.iliopsoas_r-hamstrings_r.L0  	0.95388245	0.95891859	0.0074989171	
S11000.hamstrings_r.KF              	-0.35519652	-0.34391226	0.010707118	
S11000.glut_max_r.KF                	0.37960501	0.37723719	0.0057512393	
