generation	best_fitness	median_fitness	predicted_fitness	fitness_progress
0	96.1003	96.2859	0	0
1	95.9891	96.1658	40.3975	0.00115829
2	95.8806	96.061	40.9623	0.0011449
3	95.8445	95.936	41.5285	0.0011315
4	95.7714	95.8961	54.9915	0.000850422
5	95.7024	95.8231	59.4892	0.000755608
6	95.6622	95.7407	60.2286	0.000739044
7	95.5723	95.6529	61.0435	0.00072098
8	95.416	95.5937	60.0869	0.00073959
9	95.3757	95.498	59.1995	0.000756751
10	95.3502	95.3969	59.502	0.00074931
11	95.1913	95.3161	58.8663	0.000761209
12	95.1161	95.2946	57.8046	0.000781882
13	94.9932	95.1862	56.4013	0.000809511
14	94.839	95.0015	53.7336	0.000863256
15	94.6025	94.9595	53.2573	0.000871719
16	94.6141	94.7594	52.1639	0.000892757
17	94.4637	94.6668	51.3704	0.000907784
18	94.1665	94.5771	49.8323	0.000938035
19	92.7177	94.2635	47.7787	0.000978755
20	92.9025	93.7227	46.8427	0.000996512
21	88.4317	93.4954	46.1381	0.00100947
22	86.5034	90.6662	41.8637	0.00109588
23	80.5929	87.1836	36.2916	0.00120875
24	79.6543	86.4876	33.4586	0.00126522
25	85.8571	86.5919	31.8795	0.00129598
26	67.3826	86.2236	30.7688	0.00131687
27	85.8085	86.0978	29.6434	0.00133807
28	85.3858	86.0953	28.4046	0.00136158
29	85.5212	85.9979	26.7416	0.00139379
30	79.1743	85.7468	20.3425	0.00152325
31	85.5019	85.9495	14.3893	0.00164382
32	85.1498	85.5639	10.4711	0.00172272
33	68.023	85.0803	-0.555443	0.00194953
34	84.6468	85.3687	-23.0139	0.0024173
35	84.3089	84.7376	-62.4062	0.00325698
36	84.1335	84.6195	-93.6765	0.00393625
37	58.2427	84.3397	-101.596	0.00410469
38	83.0603	84.2976	-104.373	0.00416541
39	82.6375	84.0586	-109.192	0.00426606
40	82.231	83.8211	-118.002	0.00445269
41	81.9865	83.045	-134.783	0.0048091
42	81.8047	83.3465	-132.718	0.00476589
43	81.8317	82.5748	-127.811	0.00466195
44	80.9131	82.1529	-125.591	0.00461173
45	80.0783	81.4068	-126.852	0.00464031
46	78.3589	80.7605	-125.832	0.0046224
47	66.0986	79.8654	-129.62	0.00470889
48	11.8499	79.4754	-131.811	0.00476163
49	11.5195	76.6255	-133.531	0.00480175
50	10.355	69.7916	-136.614	0.00487126
51	9.98722	71.2987	-140.795	0.00497139
52	10.5711	52.5797	-142.496	0.00501782
53	10.4288	41.7659	-145.803	0.00509665
54	9.71123	56.2778	-149.281	0.00518114
55	8.8506	48.3803	-154.296	0.00530247
56	9.77555	33.8953	-158.576	0.00540682
57	8.97758	12.9128	-164.849	0.00556548
58	8.91216	61.1484	-169.801	0.00568702
59	8.931	10.5706	-177.497	0.00587258
60	8.37681	73.185	-183.982	0.00604024
61	8.87379	76.7472	-190.686	0.00621027
62	8.51067	76.9252	-195.239	0.00633331
63	7.8519	71.0057	-200.102	0.00646722
64	8.74019	37.3631	-208.768	0.00669275
65	7.64638	40.8886	-230.662	0.00728407
66	7.3341	14.5213	-250.907	0.00783125
67	7.81953	66.7501	-270.092	0.00840006
68	8.20705	53.1892	-317.764	0.00978327
69	7.08464	10.6519	-348.508	0.0107221
70	8.46745	10.3139	-380.382	0.0118271
71	9.2405	11.0751	-395.08	0.0124226
72	7.28043	77.7422	-420.009	0.0133539
73	7.64767	46.1459	-447.189	0.014322
74	7.31794	9.46862	-498.107	0.0164535
75	6.37309	10.2105	-562.674	0.0192905
76	0.793008	9.96533	-589.312	0.0208763
77	6.89281	37.5558	-625.804	0.0228617
78	6.54092	10.6695	-666.38	0.0245449
79	6.86988	9.42332	-644.949	0.0237574
80	0.780668	8.40843	-658.722	0.0246241
81	6.69326	54.5166	-662.379	0.0250113
82	0.790632	7.04779	-654.225	0.0247489
83	6.10536	61.7497	-654.329	0.0249122
84	0.828428	8.10009	-646.818	0.0249297
85	6.3492	13.4757	-646.754	0.0251043
86	6.39868	36.1639	-639.776	0.0252263
87	0.79915	8.30321	-634.858	0.024988
88	0.798025	7.2821	-633.747	0.025026
89	0.803522	14.6084	-643.222	0.0255579
90	6.5668	58.2646	-653.88	0.0261007
91	6.81113	56.9347	-655.471	0.0262946
92	6.44608	8.51387	-656.151	0.0264442
93	5.93631	7.95579	-664.114	0.0269515
94	0.811415	8.30472	-661.98	0.0271779
95	6.63327	23.4976	-659.022	0.027265
96	0.774759	28.2057	-612.698	0.0252771
97	0.800344	10.4592	-580.428	0.0243399
98	5.89982	43.0413	-558.653	0.0236418
99	6.178	58.2324	-552.705	0.0232112
100	0.798981	14.0893	-529.13	0.021914
101	0.790319	28.3767	-516.888	0.0217091
102	0.819639	9.84424	-492.576	0.0210451
103	6.58642	18.6676	-484.421	0.020751
104	6.04136	8.40565	-456.543	0.0202555
105	6.02228	26.5646	-414.339	0.0195786
106	0.831015	6.60752	-371.296	0.0190673
107	0.839209	29.6375	-322.31	0.0187905
108	0.828296	6.93567	-312.172	0.0188822
109	0.843532	27.3028	-297.023	0.0188035
110	0.836985	7.5946	-263.076	0.0186114
111	0.858199	7.35385	-239.02	0.0185012
112	0.848122	7.98974	-226.265	0.0183931
113	0.840813	6.68138	-228.202	0.0185466
114	0.761966	6.41167	-217.669	0.0184785
115	0.826973	18.2209	-222.596	0.0186507
116	0.830657	7.8666	-209.361	0.0186229
117	0.824861	10.7818	-201.926	0.0185408
118	0.806605	6.91773	-187.097	0.0183837
119	0.831794	42.8625	-181.357	0.0183865
120	0.791008	6.75982	-172.432	0.0182583
121	0.815645	21.9716	-163.481	0.0182107
122	0.795734	6.61775	-159.466	0.0182097
123	0.793152	6.41641	-153.747	0.0181425
124	0.785089	13.8904	-150.916	0.0180917
125	0.770497	27.8978	-145.487	0.0180754
126	0.752478	6.46475	-143.69	0.0180753
127	0.790836	34.6292	-140.313	0.0181226
128	0.777319	30.6192	-137.354	0.0180742
129	0.793173	24.3997	-134.054	0.0180895
130	0.790928	28.6028	-130.986	0.018041
131	0.818481	11.509	-128.444	0.0180622
132	0.727778	10.3503	-124.545	0.017968
133	0.808961	31.7312	-120.668	0.0178616
134	0.806955	5.89296	-118.179	0.0178616
135	0.806124	8.41847	-116.266	0.0178445
136	0.806612	6.52038	-113.345	0.0178001
137	0.785793	6.42083	-111.551	0.0177783
138	0.781635	27.6966	-110.037	0.0177921
139	0.765337	6.3725	-108.061	0.0177823
140	0.700272	13.8282	-105.484	0.0177436
141	0.76569	6.0039	-105.174	0.017812
142	0.722793	14.1722	-104.448	0.0178049
143	0.758786	0.808929	-102.863	0.0178354
144	0.719551	6.1562	-101.34	0.0177849
145	0.720863	6.44255	-98.147	0.0177162
146	0.707168	0.772706	-96.9638	0.0176978
147	0.661246	11.832	-95.5527	0.0177108
148	0.720361	73.9946	-93.9179	0.01759
149	0.731505	65.863	-93.0866	0.0176581
