generation	best_fitness	median_fitness	predicted_fitness	fitness_progress
0	0.705646	6.98133	0	0
1	0.701006	29.5393	-1.6191	0.00661937
2	0.708621	49.1188	1.45235	-0.0021013
3	0.702973	23.753	0.727363	-6.52676e-05
4	0.708556	21.6706	1.07229	-0.00102828
5	0.705524	27.1037	0.882214	-0.000498045
6	0.709493	16.6013	1.00823	-0.000844921
7	0.705293	16.8597	0.817589	-0.000314497
8	0.703683	30.3784	0.686613	5.31082e-05
9	0.690094	0.773838	0.663543	0.000117591
10	0.693354	0.732627	0.422508	0.000794388
11	0.688067	13.2128	0.219872	0.00136028
12	0.687145	27.5083	0.0190951	0.00192414
13	0.69572	42.7513	-0.011553	0.00200892
14	0.693714	24.1271	0.0316261	0.0018853
15	0.694365	12.1308	0.091243	0.00171572
16	0.691694	13.6672	0.10636	0.00167125
17	0.688892	3.24936	0.0421435	0.00184997
18	0.640332	11.4902	-0.0207257	0.00202487
19	0.682222	0.719362	0.00123417	0.00196116
20	0.684724	5.89515	0.0322382	0.00187198
21	0.681708	6.1072	0.0198143	0.00190502
22	0.68297	19.4887	0.0182511	0.0019075
23	0.682103	48.8183	0.0288761	0.0018757
24	0.681153	20.8927	0.046975	0.00182289
25	0.68518	6.39288	0.0749394	0.00174223
26	0.686043	7.08845	0.0983013	0.00167449
27	0.643964	0.691854	0.0725211	0.00174527
28	0.640997	3.32077	0.0419073	0.00182957
29	0.637706	0.698274	0.0170845	0.00189746
30	0.629561	30.0203	-0.00305206	0.00195222
31	0.635407	0.723916	-0.0190235	0.0019953
32	0.630456	14.7639	-0.0446673	0.00206579
33	0.631389	23.9976	-0.0802246	0.0021643
34	0.633305	7.87636	-0.154012	0.00237163
35	0.632257	0.692603	-0.174073	0.00242721
36	0.636214	27.1503	-0.186309	0.00246105
37	0.628039	22.444	-0.195082	0.00248511
38	0.626623	0.647785	-0.258957	0.00266721
39	0.629464	0.683402	-0.332491	0.00287911
40	0.630455	0.679004	-0.381733	0.00302176
41	0.624859	6.13959	-0.432626	0.00316809
42	0.624305	0.682832	-0.441164	0.00319177
43	0.624156	0.684683	-0.435874	0.00317468
44	0.625496	6.26055	-0.448899	0.00321003
45	0.619796	13.2512	-0.451707	0.00321648
46	0.628893	5.97596	-0.440097	0.00318085
47	0.620439	5.80722	-0.421742	0.00312745
48	0.621753	3.25433	-0.41264	0.0031004
49	0.622528	0.680693	-0.405944	0.00307972
50	0.625601	0.685159	-0.402869	0.00306868
51	0.627968	12.6641	-0.392312	0.00303549
52	0.626708	31.7233	-0.376682	0.00298857
53	0.626382	0.63578	-0.367658	0.00296075
54	0.627177	3.17167	-0.350137	0.00290739
55	0.626875	3.35409	-0.331654	0.00285187
56	0.624834	0.637542	-0.302654	0.00276557
57	0.623517	0.633803	-0.277675	0.00269256
58	0.623259	0.676813	-0.262087	0.00264626
59	0.631016	0.71995	-0.248191	0.00260348
60	0.622256	4.43924	-0.16564	0.0023626
61	0.623823	23.549	-0.103518	0.00218294
62	0.630286	0.686381	-0.0976224	0.00216414
63	0.626837	19.9099	-0.0848935	0.00212604
64	0.621351	4.1087	-0.0456756	0.00201228
65	0.624868	0.681416	0.000188649	0.00187916
66	0.623573	18.6372	0.0257376	0.00180397
67	0.626317	7.91244	0.047034	0.00174107
68	0.626162	3.32912	0.0737861	0.00166247
69	0.627459	5.7821	0.100581	0.0015833
70	0.634425	5.7731	0.116017	0.00153688
71	0.626987	3.30378	0.130611	0.00149395
72	0.624682	5.88773	0.151257	0.0014336
73	0.625201	0.631319	0.194197	0.00130687
74	0.623798	3.29449	0.227373	0.00120823
75	0.625552	0.677742	0.235394	0.00118334
76	0.62215	0.662915	0.240317	0.0011676
77	0.624456	20.7025	0.271867	0.00107425
78	0.622723	9.85301	0.295165	0.0010054
79	0.620645	11.8408	0.310038	0.000960533
80	0.622064	0.678207	0.326882	0.000909531
81	0.62272	0.673677	0.339673	0.000870764
82	0.619597	5.8041	0.361333	0.000805474
83	0.62043	24.281	0.385018	0.000733274
84	0.619734	12.677	0.402059	0.00068154
85	0.620784	3.18241	0.407584	0.000664156
86	0.620441	0.673106	0.413025	0.000646914
87	0.620772	6.31393	0.416876	0.00063428
88	0.622388	0.629853	0.422718	0.000615776
89	0.618426	0.671151	0.428061	0.000598849
90	0.61492	0.650567	0.429723	0.000592792
91	0.61292	3.29894	0.430553	0.000589321
92	0.616755	0.646626	0.432551	0.000582382
93	0.616698	3.27029	0.432172	0.000582536
94	0.616805	3.17779	0.432881	0.000579528
95	0.614732	12.1204	0.430384	0.000586025
96	0.61156	32.6693	0.428706	0.000590119
97	0.612844	0.674627	0.42666	0.000595148
98	0.614849	30.9708	0.427958	0.000590468
99	0.623178	8.12291	0.428079	0.000589161
100	0.618527	6.06987	0.430309	0.00058152
101	0.618452	6.72114	0.432772	0.000573401
102	0.617033	14.8903	0.436232	0.000562271
103	0.61947	18.9422	0.439115	0.000552844
104	0.613311	0.670008	0.439945	0.000549406
105	0.614082	0.668121	0.442982	0.0005395
106	0.61321	15.0572	0.444291	0.000534979
107	0.614391	0.667257	0.447782	0.000523826
108	0.610803	13.2417	0.443616	0.000535265
109	0.611677	0.619614	0.442579	0.00053723
110	0.611279	0.648905	0.442278	0.000537022
111	0.609745	3.36975	0.439941	0.000543182
112	0.614913	40.1775	0.441601	0.000537311
113	0.611962	15.2266	0.444041	0.000529555
114	0.613213	5.78119	0.444743	0.000526933
115	0.610374	3.17581	0.445592	0.000523583
116	0.610027	3.30549	0.446227	0.00052094
117	0.608673	11.3749	0.44448	0.000525202
118	0.611054	18.3827	0.445572	0.000521212
119	0.609185	0.617907	0.445685	0.000520064
120	0.612621	18.281	0.44764	0.000513408
121	0.612141	9.56305	0.44889	0.000508964
122	0.612512	13.6205	0.449442	0.000506818
123	0.608197	3.14662	0.448945	0.000507466
124	0.609328	3.23127	0.44991	0.000503894
125	0.613719	29.8247	0.450254	0.000502171
126	0.61055	15.5384	0.451406	0.000498032
127	0.609312	47.3411	0.452012	0.000495656
128	0.610041	0.664948	0.453087	0.000491914
129	0.609391	0.615229	0.45363	0.000489601
130	0.607761	0.636465	0.454085	0.000487603
131	0.609132	8.18515	0.455499	0.000482932
132	0.60608	3.14867	0.454774	0.000484113
133	0.604377	0.638522	0.45354	0.000486845
134	0.608835	3.2146	0.454168	0.000484347
135	0.609226	5.7301	0.45548	0.000479979
136	0.605115	5.67737	0.454506	0.000481888
137	0.610444	0.663371	0.455294	0.000479023
138	0.607721	0.613034	0.456307	0.000475486
139	0.606865	3.22169	0.45676	0.000473495
140	0.606003	3.26958	0.457418	0.000470891
141	0.606117	3.21307	0.457889	0.000468761
142	0.606989	75.0138	0.459138	0.000464535
143	0.602729	3.20887	0.45917	0.000463664
144	0.605971	0.663156	0.458819	0.000463983
145	0.603423	10.2446	0.459476	0.00046131
146	0.605031	0.611774	0.460453	0.000457824
147	0.604336	3.15524	0.460676	0.000456495
148	0.607588	21.0636	0.461028	0.000454814
149	0.605129	0.688542	0.46206	0.00045126
