pelvis_tilt.offset                  	-0.047789871	-0.046938552	0.0012737189	
hip_flexion_r.offset                	0.1413373	0.14252585	0.001520408	
knee_angle_r.offset                 	0.036028205	0.035111554	0.001353639	
ankle_angle_r.offset                	0.086134359	0.085553328	0.0014089178	
hip_flexion_l.offset                	-0.0043787552	-0.0021525837	0.0013394287	
knee_angle_l.offset                 	0.077327614	0.075551893	0.0013484349	
ankle_angle_l.offset                	-0.0029229825	-0.0025336702	0.001427229	
leg0_l.stance_load_threshold        	0.17377031	0.17279958	0.0013605578	
leg1_r.stance_load_threshold        	0.1752557	0.17418223	0.0013361249	
S11111.tib_ant_l.KL                 	1.7276803	1.7370328	0.015605928	
S11111.tib_ant_l.L0                 	0.82001769	0.81722088	0.0035840093	
S11111.tib_ant_l-soleus_l.KF        	-0.24855978	-0.246041	0.0045391935	
S11111.tib_ant_r.KL                 	1.4529111	1.4672607	0.015769555	
S11111.tib_ant_r.L0                 	0.74585198	0.74431338	0.0036849753	
S11111.tib_ant_r-soleus_r.KF        	-0.26600679	-0.2615345	0.0043138828	
S00111.soleus_l.KF                  	0.94964658	0.9659793	0.0086763073	
S00111.gastroc_l.KF                 	1.5174847	1.5263076	0.0087235723	
S00111.soleus_r.KF                  	1.0323451	1.0235809	0.0088062472	
S00111.gastroc_r.KF                 	1.3372852	1.3338141	0.0081680563	
S00011.vasti_l.KF                   	1.0914243	1.0912368	0.0085722642	
S00011.vasti_l.C0                   	0.031624679	0.030914668	0.00094327346	
S00011.vasti_l-knee_angle.pos_max   	-0.08798313	-0.089207324	0.0021924187	
S00011.hamstrings_l-pelvis_tilt_l.KP	0.79396379	0.78032203	0.023529264	
S00011.hamstrings_l-pelvis_tilt_l.KV	0.52318124	0.52477623	0.0036009435	
S00011.hamstrings_l-pelvis_tilt_l.C0	-0.017447323	-0.016908313	0.0013225033	
S00011.glut_max_l-pelvis_tilt_l.KP  	0.97966142	0.99714452	0.024153944	
S00011.glut_max_l-pelvis_tilt_l.KV  	0.74752445	0.74354751	0.004600039	
S00011.glut_max_l-pelvis_tilt_l.C0  	-0.032503574	-0.03467994	0.0015637811	
S00011.iliopsoas_l-pelvis_tilt_l.KP 	-1.5823381	-1.5138686	0.031197035	
S00011.iliopsoas_l-pelvis_tilt_l.KV 	-0.71798236	-0.71867238	0.0033552177	
S00011.iliopsoas_l-pelvis_tilt_l.C0 	0.16465284	0.16473348	0.0015880329	
S00011.vasti_r.KF                   	0.95864954	0.95951288	0.0089464612	
S00011.vasti_r.C0                   	0.051294189	0.053205996	0.00096437702	
S00011.vasti_r-knee_angle.pos_max   	-0.071703801	-0.073096971	0.0021540572	
S00011.hamstrings_r-pelvis_tilt_r.KP	1.0299674	1.0154368	0.023595832	
S00011.hamstrings_r-pelvis_tilt_r.KV	0.56135174	0.56075292	0.0035850015	
S00011.hamstrings_r-pelvis_tilt_r.C0	-0.013847378	-0.013725257	0.0013112135	
S00011.glut_max_r-pelvis_tilt_r.KP  	0.68939361	0.668612	0.024781663	
S00011.glut_max_r-pelvis_tilt_r.KV  	0.74096217	0.74372975	0.0045358479	
S00011.glut_max_r-pelvis_tilt_r.C0  	-0.016264173	-0.015990916	0.0015834909	
S00011.iliopsoas_r-pelvis_tilt_r.KP 	-2.0561272	-2.0357132	0.030542148	
S00011.iliopsoas_r-pelvis_tilt_r.KV 	-0.76109775	-0.7576799	0.0033596368	
S00011.iliopsoas_r-pelvis_tilt_r.C0 	0.19673471	0.19516743	0.0015853752	
S00100.iliopsoas_l.C0               	0.5185096	0.51784142	0.0042315219	
S00100.glut_max_l.C0                	-0.20817475	-0.20634276	0.0032516449	
S00100.iliopsoas_r.C0               	0.48862218	0.48537885	0.0041408616	
S00100.glut_max_r.C0                	-0.26407998	-0.25750841	0.0032384658	
S11000.iliopsoas_l.KL               	0.13553974	0.13692728	0.0043271898	
S11000.iliopsoas_l.L0               	0.072317973	0.074896121	0.008638473	
S11000.iliopsoas_l-pelvis_tilt_l.P0 	-0.13834214	-0.13934554	0.0014581993	
S11000.iliopsoas_l-pelvis_tilt_l.KP 	0.75341696	0.75988106	0.015895606	
S11000.iliopsoas_l-pelvis_tilt_l.KV 	0.25754191	0.2548974	0.0036047029	
S11000.iliopsoas_l-hamstrings_l.KL  	-1.238627	-1.2053414	0.040751682	
S11000.iliopsoas_l-hamstrings_l.L0  	0.96479863	0.96245014	0.0069501698	
S11000.hamstrings_l.KF              	-0.32070325	-0.31739875	0.0098860706	
S11000.glut_max_l.KF                	0.48216891	0.48531709	0.0051240734	
S11000.iliopsoas_r.KL               	0.14926924	0.14467959	0.0044720106	
S11000.iliopsoas_r.L0               	0.21860574	0.22438581	0.0087756391	
S11000.iliopsoas_r-pelvis_tilt_r.P0 	-0.11827375	-0.11841885	0.0014721383	
S11000.iliopsoas_r-pelvis_tilt_r.KP 	0.88626248	0.87191921	0.015482264	
S11000.iliopsoas_r-pelvis_tilt_r.KV 	0.25157186	0.25376682	0.0036890914	
S11000.iliopsoas_r-hamstrings_r.KL  	-0.71180534	-0.72061702	0.04008365	
S11000.iliopsoas_r-hamstrings_r.L0  	1.0031176	0.99725035	0.0067385692	
S11000.hamstrings_r.KF              	-0.40373544	-0.39797752	0.0097334712	
S11000.glut_max_r.KF                	0.42315124	0.42782318	0.0052722092	
