generation	best_fitness	median_fitness	predicted_fitness	fitness_progress
0	0.658775	0.677496	0	0
1	0.662269	26.8878	2.40937	-0.00527611
2	0.663159	6.17343	1.75905	-0.00331053
3	0.663378	6.18221	1.10839	-0.00134178
4	0.66089	6.06513	0.941139	-0.000836091
5	0.655247	0.667038	0.771861	-0.000331673
6	0.656182	6.00917	0.111985	0.00165216
7	0.651091	0.669077	-0.303128	0.00290359
8	0.608231	3.232	-0.530125	0.00358869
9	0.608043	3.25614	-0.59849	0.00379577
10	0.653243	0.663085	-0.534841	0.00360162
11	0.653327	5.98415	-0.310773	0.00292055
12	0.658927	5.6851	-0.0931438	0.00225936
13	0.654403	0.663055	0.0609876	0.00179255
14	0.603192	0.660771	-0.0961055	0.00226448
15	0.6015	6.24158	-0.318418	0.00293771
16	0.60524	9.21652	-0.548987	0.00364096
17	0.60303	26.769	-0.393984	0.00316716
18	0.604909	27.2873	-0.5639	0.00368706
19	0.60247	0.66374	-0.756647	0.00428953
20	0.59816	0.659988	-1.12062	0.00544449
21	0.602819	11.7273	-1.08734	0.00533891
22	0.602025	39.9769	-1.05116	0.00521773
23	0.597934	16.5762	-0.98562	0.00501172
24	0.601277	15.821	-0.783652	0.00439367
25	0.60544	15.9751	-0.709773	0.00416136
26	0.652024	29.1374	-0.532401	0.00360488
27	0.599319	3.17771	-0.501729	0.00350682
28	0.59837	11.9521	-0.360117	0.00307085
29	0.600259	9.46998	-0.0739732	0.00217864
30	0.599317	3.1384	0.0702134	0.00172157
31	0.60218	30.3795	0.136745	0.00150806
32	0.600348	0.655221	0.227879	0.00121461
33	0.598469	6.11721	0.279323	0.00104807
34	0.596536	5.93057	0.267304	0.00108469
35	0.599305	13.678	0.292224	0.00100349
36	0.597985	11.7532	0.285448	0.00102439
37	0.597487	5.85241	0.301394	0.000972555
38	0.651417	0.658691	0.327003	0.000889458
39	0.597804	0.65631	0.341786	0.000840322
40	0.599868	11.9615	0.366484	0.00075909
41	0.60137	5.67128	0.376422	0.000726325
42	0.602337	3.17043	0.392271	0.000674782
43	0.599401	5.63926	0.400887	0.000646119
44	0.601119	5.95044	0.417129	0.000592715
45	0.601826	3.16846	0.418518	0.000587302
46	0.603012	0.653861	0.425657	0.000563403
47	0.602121	0.656786	0.434099	0.000537422
48	0.598915	0.659812	0.438937	0.000522564
49	0.598604	0.650143	0.445669	0.00050073
50	0.598183	5.70424	0.454963	0.00047042
51	0.598758	3.2013	0.45776	0.000461061
52	0.59868	6.04142	0.471628	0.00041618
53	0.596261	0.65524	0.477602	0.000397066
54	0.598186	3.26085	0.479866	0.000389467
55	0.600064	5.79367	0.481476	0.000383685
56	0.598415	10.617	0.487676	0.000363029
57	0.599158	40.607	0.493642	0.000343698
58	0.599486	40.3694	0.498602	0.000327601
59	0.605195	3.22192	0.505983	0.000303328
60	0.59996	13.4419	0.51185	0.000284816
61	0.59909	3.46815	0.51417	0.000277048
62	0.601112	3.22225	0.516349	0.000270105
63	0.6021	5.82379	0.520999	0.000255438
64	0.598337	0.656873	0.527288	0.000235229
65	0.602475	15.3633	0.535864	0.000207305
66	0.599111	35.4835	0.537305	0.000202611
67	0.598123	5.66088	0.538465	0.00019839
68	0.597368	3.15559	0.537731	0.000200224
69	0.597492	5.78161	0.535581	0.00020668
70	0.596718	13.1948	0.533669	0.000212305
71	0.596375	21.7629	0.533771	0.000211477
72	0.648881	38.1991	0.535043	0.000207047
73	0.597411	6.35095	0.538168	0.000196721
74	0.597794	6.09128	0.538854	0.000194296
75	0.598351	5.89795	0.540371	0.000188985
76	0.599016	5.96289	0.542804	0.000181166
77	0.598134	0.655832	0.546128	0.000170696
78	0.599511	7.71452	0.548132	0.000163944
79	0.598987	5.82157	0.54974	0.000158657
