generation	best_fitness	median_fitness	predicted_fitness	fitness_progress
0	96.1062	96.2681	0	0
1	96.0116	96.1694	48.7285	0.000984947
2	95.8978	96.0706	43.7928	0.00108609
3	95.8344	95.9875	48.5393	0.000985918
4	95.753	95.8851	51.5935	0.000921018
5	95.6041	95.7624	48.3502	0.000986891
6	95.5484	95.6947	49.1486	0.00096888
7	95.4451	95.5966	48.6019	0.000978742
8	95.3027	95.4923	48.0958	0.000987747
9	95.2711	95.4315	48.0356	0.000987528
10	95.1885	95.3268	48.4032	0.000978488
11	94.903	95.2136	47.8467	0.000988504
12	94.8217	95.0159	47.673	0.000990626
13	94.7364	94.9512	46.0349	0.00102288
14	94.3368	94.7652	44.7116	0.00104859
15	94.0855	94.5886	43.3505	0.00107514
16	93.7648	94.3417	41.848	0.00110448
17	93.212	94.1734	39.0138	0.00116143
18	92.5598	93.9846	37.7573	0.00118576
19	91.3086	93.3048	35.4331	0.001232
20	88.1046	92.4738	32.9903	0.00128057
21	87.4437	90.7116	28.8882	0.00136308
22	88.0146	89.5701	22.2686	0.0014979
23	87.1692	89.9994	9.29218	0.00176437
24	86.1037	88.5089	-1.17937	0.00197952
25	85.0242	87.3033	-8.85684	0.00213721
26	84.5212	86.1664	-28.021	0.00253543
27	84.1017	84.988	-35.6201	0.0026936
28	83.6874	84.7376	-54.0947	0.00308321
29	83.8554	84.1887	-72.5014	0.00347354
30	83.5585	84.1013	-78.0664	0.00359375
31	82.8618	83.7162	-103.614	0.004151
32	82.4373	83.3472	-135.705	0.004856
33	82.2169	83.0472	-161.561	0.00541863
34	81.1156	82.6867	-169.812	0.00559856
35	81.066	81.9856	-169.662	0.00559872
36	80.648	81.5495	-170.51	0.00562068
37	78.5421	81.1734	-175.889	0.00573984
38	77.2042	80.2948	-193.877	0.00612815
39	12.0246	79.2938	-200.059	0.00626511
40	11.3169	78.0615	-203.186	0.0063407
41	9.29273	72.2412	-205.9	0.00641621
42	9.64744	65.8355	-208.812	0.0065001
43	11.0694	66.308	-211.467	0.0065707
44	9.7516	37.0461	-217.857	0.00672035
45	7.71533	45.6093	-224.128	0.00686903
46	9.01799	70.5288	-229.373	0.00699446
47	9.12045	45.6572	-234.548	0.00712624
48	8.67527	10.6995	-240.927	0.00728508
49	7.33198	66.9049	-244.685	0.00738405
50	7.69263	65.2922	-255.833	0.00765541
51	7.61058	13.782	-263.741	0.00785404
52	7.21965	30.082	-273.054	0.00809037
53	7.69669	18.432	-279.249	0.00826768
54	8.70268	10.6352	-292.608	0.00861486
55	6.90449	11.038	-299.14	0.00879973
56	0.70682	9.06537	-304.673	0.00897043
57	0.700649	8.28357	-314.367	0.00927715
58	0.696228	64.082	-325.763	0.00964068
59	0.70296	65.7894	-342.671	0.0101757
60	6.10442	63.7185	-355.083	0.0106039
61	0.697305	6.2035	-376.259	0.0113085
62	0.707908	46.7208	-389.403	0.0117987
63	0.71425	46.9466	-415.358	0.0127341
64	0.707762	6.70365	-433.524	0.0134639
65	0.705598	7.75133	-447.801	0.014102
66	0.703922	11.6824	-471.09	0.0151186
67	0.70581	42.9101	-477.771	0.0155396
68	0.706553	16.6537	-488.236	0.0161354
69	0.707566	11.5373	-510.821	0.0173007
70	0.70101	3.85546	-570.145	0.0203702
71	0.719395	15.0906	-628.764	0.0239747
72	0.716664	58.9406	-694.548	0.0281757
73	0.775008	29.8253	-707.007	0.0288172
74	0.712568	5.76383	-719.767	0.0294098
75	0.705682	7.26992	-713.712	0.0294582
76	0.705585	6.6785	-747.156	0.0311252
77	0.718991	22.517	-818.267	0.0340927
78	0.704899	3.56578	-792.304	0.0333843
79	0.698502	20.5004	-757.381	0.032015
80	0.703271	9.72804	-716.902	0.030298
81	0.710408	44.2081	-669.327	0.0286566
82	0.711575	38.2503	-642.614	0.0277282
83	0.713814	20.8973	-626.681	0.0271321
84	0.709687	6.44795	-619.191	0.0269767
85	0.708989	5.83366	-596.55	0.0260632
86	0.699711	3.46631	-589.829	0.0259038
87	0.699968	23.0667	-520.822	0.0255171
88	0.705942	15.7078	-469.521	0.0254669
89	0.698892	6.23933	-416.624	0.0254051
90	0.6915	22.6388	-379.141	0.0253515
91	0.686298	6.70968	-359.666	0.0253184
92	0.69294	12.7965	-337.359	0.025276
93	0.6858	56.129	-318.58	0.0252401
94	0.70088	6.7326	-307.997	0.0252198
95	0.696395	21.0732	-293.93	0.0251839
96	0.6993	23.9713	-284.466	0.0251576
97	0.689533	7.53884	-273.98	0.0251232
98	5.88482	7.15101	-261.916	0.0250809
99	0.696311	11.4141	-248.933	0.0250398
100	0.694862	15.7145	-243.718	0.0250243
101	0.690164	16.846	-239.215	0.0250111
102	0.699027	50.6551	-233.287	0.0249918
103	0.691034	0.750332	-229.261	0.0249779
104	0.691846	0.741081	-227.124	0.0249716
105	0.690829	7.91955	-226.453	0.0249632
106	0.684743	6.46759	-219.351	0.0249261
107	0.679499	3.56017	-212.24	0.0248969
108	0.680211	23.2401	-206.067	0.0248705
109	0.673936	0.693209	-201.467	0.0248336
110	0.688369	25.106	-197.495	0.0247987
111	0.688044	6.55731	-191.148	0.0247642
112	0.687429	6.00514	-183.732	0.0247205
113	0.690149	3.3169	-179.54	0.0246891
114	0.681944	0.696026	-111.344	0.0239618
115	0.685322	5.72018	-64.6713	0.0181997
116	0.682973	5.82319	-32.5809	0.0147567
117	0.680393	0.759377	-11.5016	0.0116953
118	0.683138	0.702053	-5.39386	0.0088014
119	0.690249	6.7363	-3.52892	0.00720984
120	0.677437	0.718864	-2.11613	0.00555528
121	0.678726	0.688454	-1.78969	0.00509523
122	0.674683	0.693015	-1.43348	0.00455369
123	0.673385	6.6407	-1.2535	0.00425739
124	0.681581	6.81914	-1.12131	0.00403093
125	0.676306	0.691351	-1.00755	0.00383439
126	0.678673	16.1269	-0.89155	0.00362611
127	0.678065	31.2783	-0.74061	0.00334455
128	0.676193	6.61237	-0.661937	0.00319311
129	0.675611	6.21707	-0.562544	0.00299055
130	0.675584	6.03622	-0.51202	0.00288287
131	0.669783	3.38151	-0.458786	0.00277372
132	0.670136	8.65703	-0.346004	0.00253672
133	0.668491	0.676935	-0.263995	0.00235935
134	0.66943	9.74845	-0.180016	0.00217405
135	0.666318	25.5857	-0.146631	0.00209829
136	0.663895	3.32429	-0.113289	0.00202182
137	0.662911	3.34267	-0.0704372	0.00192325
138	0.659057	3.22326	-0.0632762	0.00190536
139	0.66698	47.3865	-0.0538171	0.00188215
140	0.665236	0.674067	-0.0324256	0.00183132
141	0.665834	6.07051	0.0041315	0.00174472
142	0.667229	23.3643	0.0322622	0.00167702
143	0.658824	3.208	0.0560062	0.00161929
144	0.663294	5.72274	0.06766	0.00159015
145	0.666239	42.7899	0.0752189	0.00157059
146	0.664683	0.67312	0.0851044	0.0015454
147	0.654163	3.40866	0.0822642	0.00155063
148	0.661701	47.2414	0.108947	0.00148498
149	0.658012	0.674523	0.120198	0.0014563
