generation	best_fitness	median_fitness	predicted_fitness	fitness_progress
0	96.18	96.2431	0	0
1	96.1708	96.2145	91.5512	9.60707e-05
2	96.1267	96.1774	82.7982	0.000277274
3	96.0846	96.1323	75.0122	0.000438429
4	96.0467	96.1051	76.0462	0.000416214
5	96.0133	96.0551	77.0825	0.000393988
6	95.9827	96.0281	78.1535	0.000371079
7	95.954	96.024	79.2302	0.000348147
8	95.9138	95.9892	79.2001	0.000348125
9	95.8725	95.9265	78.7852	0.000356071
10	95.8006	95.9136	78.3683	0.000364003
11	95.786	95.8624	78.0191	0.000370532
12	95.7448	95.8193	77.5172	0.000380179
13	95.6913	95.7616	77.0636	0.000388788
14	95.6421	95.7163	76.4428	0.000400855
15	95.6533	95.6794	76.9119	0.000390526
16	95.618	95.6788	77.0574	0.000386882
17	95.5362	95.6457	76.837	0.000390678
18	95.5189	95.5974	76.3719	0.000399487
19	95.4425	95.5371	76.1751	0.000402806
20	95.3553	95.5102	75.9024	0.000407628
21	95.3206	95.4016	75.6259	0.000412499
22	95.2425	95.3462	75.1178	0.000422104
23	95.0959	95.2912	74.7852	0.000428127
24	95.0939	95.2027	74.5172	0.000432805
25	95.0127	95.1345	74.3373	0.000435697
26	94.8536	95.0132	74.2299	0.000437085
27	94.6623	94.881	74.1314	0.000438297
28	94.4956	94.7325	73.8909	0.000442387
29	93.8309	94.5494	73.6876	0.000445661
30	93.652	94.2981	73.3902	0.000450883
31	92.6006	93.3528	73.1656	0.000454616
32	90.7721	92.6038	72.589	0.000465418
33	87.5389	91.4402	71.4203	0.000488075
34	87.1809	90.6899	69.3867	0.000527981
35	86.7475	87.407	67.095	0.000573284
36	86.0691	87.2681	65.3625	0.000606879
37	86.2394	88.2109	64.2234	0.000628774
38	86.376	89.2189	62.5979	0.000660065
39	86.0597	86.9426	61.1556	0.000687888
40	85.8941	87.363	59.9181	0.000711372
41	85.6278	86.2083	58.8923	0.000730698
42	85.194	85.8756	58.062	0.000746112
43	85.1045	85.608	57.1756	0.00076235
44	84.9632	85.4781	55.5495	0.000793249
45	84.4979	85.0927	54.576	0.000811145
46	84.5814	84.8712	52.5831	0.000849245
47	84.182	84.7608	50.5262	0.000888591
48	83.6043	84.6714	48.3442	0.00093039
49	83.5249	84.2502	40.1187	0.00109384
50	83.1789	83.927	30.5078	0.00128481
51	82.7287	83.4795	9.15712	0.00171668
52	82.2783	82.9953	3.52924	0.00183025
53	81.2288	82.1489	0.703743	0.00188662
54	81.3775	81.8305	-4.73159	0.00199729
55	80.8626	81.6972	-9.2897	0.00209019
56	79.9255	81.3054	-68.8205	0.00335121
57	78.3781	80.5325	-78.1681	0.0035447
58	77.7927	79.8989	-80.2982	0.00358911
59	77.9847	79.8659	-83.2933	0.00365103
60	76.5414	79.0746	-87.2397	0.00373388
61	34.5416	78.9599	-91.1463	0.00381485
62	33.0585	77.8564	-95.7803	0.00391249
63	11.0733	61.3841	-101.861	0.00404191
64	10.7753	77.2577	-104.52	0.00409899
65	11.3001	55.6081	-108.567	0.00418405
66	11.0995	51.9359	-110.887	0.004235
67	11.0371	13.3653	-112.874	0.00427763
68	10.3953	13.328	-115.874	0.00434266
69	9.45149	11.7988	-119.248	0.00441835
70	8.91149	11.8698	-121.17	0.00446394
71	8.59455	21.2149	-123.634	0.0045192
72	7.34429	10.0695	-126	0.00457279
73	7.43157	64.3948	-127.959	0.0046164
74	8.00066	31.2065	-129.476	0.00465144
75	7.62941	9.93138	-133.549	0.00474738
76	7.7078	25.4527	-136.574	0.00481758
77	5.9998	9.69424	-140.41	0.00490504
78	5.90979	61.4021	-142.331	0.00495572
79	6.83909	8.66113	-144.507	0.00500822
80	6.75416	49.6618	-146.406	0.00505601
81	6.31931	57.7437	-149.889	0.00513917
82	0.814154	8.18709	-153.678	0.00523496
83	0.800019	46.6515	-159.346	0.00537178
84	0.804734	7.00341	-164.348	0.00549052
85	0.722204	6.85014	-172.626	0.00568892
86	0.80035	64.8688	-177.119	0.00580167
87	0.735101	17.8214	-182.628	0.00593978
88	0.788026	63.8248	-187.451	0.00607105
89	0.787403	49.178	-192.941	0.00622818
90	0.779911	6.41877	-199.788	0.00642407
91	0.819518	7.14294	-204.762	0.00657668
92	0.801266	19.1611	-208.818	0.00670821
93	0.782929	7.25319	-215.173	0.00690361
94	0.815154	6.20345	-222.26	0.00712459
95	0.739763	46.8351	-229.073	0.00734394
96	0.730479	46.6565	-238.911	0.00765802
97	0.731509	6.7851	-244.182	0.00784688
98	0.729852	37.9919	-249.72	0.00804918
99	0.714166	18.574	-262.005	0.00847035
100	0.714854	35.2739	-269.389	0.00875078
101	0.721468	61.6097	-282.11	0.00921763
102	0.705353	52.9688	-295.447	0.00972916
103	0.699546	60.051	-319.636	0.0106729
104	0.727011	17.1502	-346.227	0.0117938
105	0.727784	35.8473	-365.34	0.0126959
106	0.712342	0.741298	-384.872	0.0136917
107	0.766325	64.3833	-416.487	0.0153949
108	0.715589	35.4592	-455.825	0.0177894
109	0.716906	15.3288	-469.173	0.0185152
110	0.712006	54.4045	-465.015	0.018426
111	0.717926	15.6599	-464.876	0.0184901
112	0.719307	68.3249	-461.596	0.0184253
113	0.70451	9.45959	-462.476	0.0185298
114	0.715748	61.4056	-462.964	0.0186189
115	0.708924	7.1185	-472.089	0.019005
116	0.711928	21.9778	-474.783	0.0191359
117	0.713908	39.9235	-475.79	0.0192784
118	0.728893	27.9303	-481.74	0.0195123
119	0.727868	27.894	-493.489	0.0200849
120	0.746126	22.72	-494.441	0.0202706
121	0.727115	6.30458	-541.677	0.0220826
122	0.779826	15.5178	-538.359	0.0221328
123	0.701322	6.2188	-534.81	0.0219917
124	0.709428	15.5706	-532.408	0.0220993
125	0.7276	12.3482	-527.65	0.0219047
126	0.712839	7.9504	-484.457	0.0202996
127	0.718661	20.1438	-450.304	0.0189591
128	0.72825	7.67548	-437.519	0.0184511
129	0.730887	10.0645	-421.976	0.0179311
130	0.71768	3.31801	-415.01	0.0177336
131	0.712691	6.31369	-411.7	0.0176165
132	0.722406	11.2585	-401.209	0.0172318
133	0.717878	32.1531	-395.008	0.0170374
134	0.707119	8.49955	-391.689	0.016938
135	0.722513	0.792269	-382.274	0.016605
136	0.7066	44.5261	-379.545	0.0165363
137	0.711856	5.99969	-376.78	0.0164647
138	0.704436	3.37047	-363.858	0.0162602
139	0.715677	49.7053	-338.459	0.0162411
140	0.709402	5.8693	-324.413	0.0162296
141	0.719517	3.69592	-306.783	0.0162104
142	0.719159	0.804072	-303.28	0.0162043
143	0.702484	12.2936	-289.795	0.0161903
144	0.706456	40.9854	-282.628	0.0161826
145	0.704767	19.2788	-271.762	0.0161714
146	0.705582	0.735272	-262.253	0.0161611
147	0.708809	0.729214	-253.209	0.0161439
148	0.70603	0.733687	-249.177	0.0161334
149	0.703355	12.2523	-241.273	0.0161248
