pelvis_tilt.offset                  	-0.061815628	-0.06231242	0.0016739914	
hip_flexion_r.offset                	0.13431776	0.13350832	0.0016890053	
knee_angle_r.offset                 	0.06779857	0.070061517	0.0016156213	
ankle_angle_r.offset                	0.083107203	0.084316932	0.0016652985	
hip_flexion_l.offset                	0.01754559	0.017849128	0.0015769751	
knee_angle_l.offset                 	0.046105977	0.042623807	0.0015836987	
ankle_angle_l.offset                	0.0030249345	0.0023231014	0.0016667084	
leg0_l.stance_load_threshold        	0.20137359	0.20084968	0.0016232943	
leg1_r.stance_load_threshold        	0.12444285	0.1256973	0.0016544663	
S11111.tib_ant_l.KL                 	1.3012794	1.3263797	0.018868623	
S11111.tib_ant_l.L0                 	0.85198856	0.85062212	0.0041846259	
S11111.tib_ant_l-soleus_l.KF        	-0.013000317	-0.013900505	0.0052710521	
S11111.tib_ant_r.KL                 	2.0854721	2.0795384	0.01848463	
S11111.tib_ant_r.L0                 	0.88680178	0.88202186	0.0043988048	
S11111.tib_ant_r-soleus_r.KF        	-0.10913127	-0.11294687	0.0052491917	
S00111.soleus_l.KF                  	0.91576082	0.91540678	0.010901425	
S00111.gastroc_l.KF                 	1.2730795	1.2681743	0.0097581678	
S00111.soleus_r.KF                  	0.60825758	0.61618435	0.01119418	
S00111.gastroc_r.KF                 	1.3067317	1.3017571	0.0092567082	
S00011.vasti_l.KF                   	1.0227872	1.0255487	0.0094014056	
S00011.vasti_l.C0                   	0.045523234	0.045642618	0.001027892	
S00011.vasti_l-knee_angle.pos_max   	-0.18456295	-0.18396522	0.0027424915	
S00011.hamstrings_l-pelvis_tilt_l.KP	0.81113	0.84670426	0.027973386	
S00011.hamstrings_l-pelvis_tilt_l.KV	0.53638622	0.53323821	0.0040358996	
S00011.hamstrings_l-pelvis_tilt_l.C0	-0.048787877	-0.046550341	0.0015519719	
S00011.glut_max_l-pelvis_tilt_l.KP  	0.3412994	0.38685603	0.030371172	
S00011.glut_max_l-pelvis_tilt_l.KV  	0.78262918	0.77625847	0.0055706176	
S00011.glut_max_l-pelvis_tilt_l.C0  	-0.029269207	-0.027160989	0.0018861673	
S00011.iliopsoas_l-pelvis_tilt_l.KP 	-1.3240769	-1.3098076	0.032461702	
S00011.iliopsoas_l-pelvis_tilt_l.KV 	-0.77844832	-0.7689876	0.004028902	
S00011.iliopsoas_l-pelvis_tilt_l.C0 	0.19661391	0.1951198	0.0017920524	
S00011.vasti_r.KF                   	1.0491594	1.0435489	0.0098063179	
S00011.vasti_r.C0                   	0.023951647	0.025723081	0.0010399514	
S00011.vasti_r-knee_angle.pos_max   	-0.14173997	-0.13990364	0.0028834999	
S00011.hamstrings_r-pelvis_tilt_r.KP	0.94227464	0.94587866	0.028471423	
S00011.hamstrings_r-pelvis_tilt_r.KV	0.5588607	0.55661195	0.0040686134	
S00011.hamstrings_r-pelvis_tilt_r.C0	0.015059058	0.015151316	0.0015979809	
S00011.glut_max_r-pelvis_tilt_r.KP  	1.6023035	1.5959674	0.029691361	
S00011.glut_max_r-pelvis_tilt_r.KV  	1.0242244	1.0166755	0.0059036637	
S00011.glut_max_r-pelvis_tilt_r.C0  	-0.036811737	-0.03294693	0.0018230334	
S00011.iliopsoas_r-pelvis_tilt_r.KP 	-2.9557542	-2.9378075	0.03318958	
S00011.iliopsoas_r-pelvis_tilt_r.KV 	-0.91340404	-0.91610554	0.0042668842	
S00011.iliopsoas_r-pelvis_tilt_r.C0 	0.18186114	0.18021072	0.0018483112	
S00100.iliopsoas_l.C0               	0.67502709	0.67188662	0.005403639	
S00100.glut_max_l.C0                	-0.28275823	-0.29138928	0.0040131562	
S00100.iliopsoas_r.C0               	0.47081196	0.46183492	0.0051644488	
S00100.glut_max_r.C0                	-0.21774576	-0.21944519	0.0039314851	
S11000.iliopsoas_l.KL               	0.14366791	0.1432167	0.0053476879	
S11000.iliopsoas_l.L0               	0.19519069	0.20284518	0.010005748	
S11000.iliopsoas_l-pelvis_tilt_l.P0 	-0.12005878	-0.1201165	0.0016157163	
S11000.iliopsoas_l-pelvis_tilt_l.KP 	0.78448785	0.79654369	0.0194355	
S11000.iliopsoas_l-pelvis_tilt_l.KV 	0.38830338	0.38236885	0.0045108513	
S11000.iliopsoas_l-hamstrings_l.KL  	-1.0820283	-0.99974466	0.049368685	
S11000.iliopsoas_l-hamstrings_l.L0  	0.98090618	0.97672994	0.0080351926	
S11000.hamstrings_l.KF              	-0.63778788	-0.64135386	0.010999878	
S11000.glut_max_l.KF                	0.4771829	0.4809712	0.0060564528	
S11000.iliopsoas_r.KL               	0.35258789	0.36039872	0.005516321	
S11000.iliopsoas_r.L0               	0.83298427	0.81823232	0.010091624	
S11000.iliopsoas_r-pelvis_tilt_r.P0 	-0.062249303	-0.063775366	0.001643318	
S11000.iliopsoas_r-pelvis_tilt_r.KP 	1.289179	1.2886195	0.018284886	
S11000.iliopsoas_r-pelvis_tilt_r.KV 	0.1219955	0.11186482	0.0046181275	
S11000.iliopsoas_r-hamstrings_r.KL  	-1.0442506	-0.97541212	0.051529804	
S11000.iliopsoas_r-hamstrings_r.L0  	0.79096237	0.79192749	0.0075656894	
S11000.hamstrings_r.KF              	-0.35026077	-0.35121757	0.010856253	
S11000.glut_max_r.KF                	0.39611408	0.40305716	0.0058352298	
