generation	best_fitness	median_fitness	predicted_fitness	fitness_progress
0	0.551554	0.564054	0	0
1	0.55285	0.558316	1.20111	-0.00234516
2	0.553815	0.559102	1.11911	-0.00204353
3	0.551523	0.557957	1.03693	-0.00174233
4	0.549594	0.555834	0.264423	0.0010385
5	0.54823	0.556164	-0.133438	0.00247449
6	0.548357	0.553512	-0.0650944	0.00222549
7	0.548384	0.558878	0.0975338	0.00163562
8	0.547612	18.1992	0.174398	0.00135659
9	0.547557	0.628236	0.25943	0.00104727
10	0.546728	0.551257	0.295544	0.000915081
11	0.547305	0.630835	0.312605	0.000852246
12	0.546359	0.602697	0.321934	0.000817435
13	0.54827	8.57473	0.33214	0.000779462
14	0.547829	0.552119	0.341898	0.000742976
15	0.546636	0.551755	0.345747	0.000728361
16	0.545504	0.551956	0.370256	0.000639435
17	0.547308	0.598572	0.383862	0.000589522
18	0.546273	0.551406	0.40144	0.000525972
19	0.54628	0.550104	0.412185	0.00048686
20	0.546054	12.6957	0.426453	0.00043545
21	0.545682	0.552584	0.441472	0.00038044
22	0.544832	38.4185	0.437698	0.00039335
23	0.544313	0.554373	0.432145	0.000412234
24	0.543379	0.551032	0.416905	0.000465717
25	0.543494	0.546803	0.410108	0.000489264
26	0.542692	0.59492	0.406849	0.000499926
27	0.54293	32.5746	0.398911	0.000527242
28	0.543184	0.552217	0.398721	0.000527286
29	0.541288	0.594141	0.390374	0.000556078
30	0.543785	40.5288	0.398144	0.000527564
31	0.542064	0.599679	0.393161	0.000544482
32	0.541717	0.549656	0.391019	0.000551316
33	0.542731	0.596618	0.396177	0.000531955
34	0.543594	38.7546	0.398795	0.000521752
35	0.54138	5.5523	0.400204	0.000515863
36	0.541592	0.545977	0.403909	0.000502036
37	0.542198	0.600231	0.408331	0.000485695
38	0.541024	18.2783	0.409251	0.000481593
39	0.542384	0.598034	0.41079	0.000475402
40	0.542571	0.596707	0.41597	0.000456451
41	0.541126	0.572503	0.417255	0.000451255
42	0.542763	13.8024	0.418838	0.000444907
43	0.541131	0.595041	0.421579	0.00043451
44	0.541958	0.552197	0.424988	0.000422011
45	0.541506	0.545694	0.427169	0.000413934
46	0.540603	0.552691	0.428622	0.000408253
47	0.541001	0.567606	0.431239	0.000398432
48	0.543303	0.597405	0.43385	0.000388684
49	0.542096	0.599323	0.435235	0.000383418
50	0.542182	39.7339	0.436241	0.000379274
51	0.543038	0.596277	0.438339	0.000371527
52	0.54041	0.59797	0.440017	0.000365093
53	0.541871	32.8781	0.440927	0.000361225
54	0.541663	0.546466	0.442688	0.00035448
55	0.54125	0.570985	0.446012	0.000342693
56	0.543367	0.550858	0.447348	0.000337682
57	0.542507	0.576806	0.450074	0.000327674
58	0.540956	8.77154	0.451741	0.000321459
59	0.54151	25.2902	0.453621	0.000314371
60	0.545715	29.7581	0.458672	0.000296622
61	0.544695	16.8998	0.46022	0.000290838
62	0.543646	28.6738	0.462985	0.000281058
63	0.54095	0.548246	0.465107	0.000273473
64	0.540772	5.9663	0.469408	0.000258502
65	0.541205	0.573029	0.473758	0.000243412
66	0.541755	0.577704	0.475861	0.000235511
67	0.541189	0.544996	0.478899	0.000224828
68	0.542151	0.545902	0.481821	0.000214211
69	0.539541	0.55032	0.483174	0.000209041
70	0.539044	0.572276	0.483858	0.000206254
71	0.539932	0.553301	0.486501	0.000196589
72	0.53839	16.4592	0.487383	0.000193121
73	0.537292	25.8675	0.48505	0.000200982
74	0.539344	46.6397	0.485131	0.000200307
75	0.539585	7.77213	0.487453	0.000191729
76	0.538224	25.6568	0.487359	0.00019161
77	0.538986	4.6122	0.486788	0.000193229
78	0.53888	0.592448	0.485311	0.000197971
79	0.538081	0.621671	0.485797	0.000195759
80	0.538238	0.5417	0.485952	0.000194722
81	0.538409	0.617748	0.484104	0.000200719
82	0.5389	51.5379	0.485741	0.00019476
83	0.53693	4.42819	0.483886	0.000200759
84	0.537623	0.54025	0.483684	0.000201071
85	0.536586	0.620717	0.481583	0.000208176
86	0.537655	11.2833	0.479816	0.00021377
87	0.536256	30.5096	0.478981	0.000216259
88	0.537821	0.59133	0.479537	0.000213985
89	0.537696	0.542542	0.480254	0.000211262
90	0.536088	0.539641	0.479305	0.000214031
91	0.534131	0.538907	0.478401	0.000216715
92	0.535275	31.604	0.477199	0.000220288
93	0.53489	0.537403	0.47688	0.000220975
94	0.533782	0.540839	0.476036	0.000223376
95	0.534285	0.538131	0.475054	0.000226323
96	0.534761	0.539037	0.474683	0.000227199
97	0.534507	0.588613	0.474366	0.000227824
98	0.535469	0.566203	0.474076	0.000228345
99	0.534952	11.1772	0.4737	0.0002292
100	0.534008	0.537201	0.472771	0.00023196
101	0.534744	63.1862	0.4722	0.000233497
102	0.53607	25.0467	0.472519	0.000232014
103	0.53491	0.61643	0.472231	0.000232572
104	0.535397	0.587854	0.47204	0.000232872
105	0.533956	8.11303	0.47161	0.000233896
106	0.534646	16.0437	0.471364	0.000234255
107	0.536246	0.564195	0.471514	0.000233411
108	0.534355	0.537037	0.471279	0.000233748
109	0.533845	0.537949	0.470928	0.000234341
110	0.534166	0.537064	0.470633	0.000234831
111	0.5342	0.535895	0.470528	0.00023493
112	0.53302	0.536781	0.469606	0.000237697
113	0.532875	20.5746	0.468585	0.00024073
114	0.533622	0.537234	0.468351	0.000241141
115	0.532733	20.5432	0.467586	0.000243293
116	0.533216	26.9567	0.467152	0.000244312
117	0.534314	14.9065	0.46723	0.000243662
118	0.53412	24.1436	0.467634	0.000241957
119	0.533886	7.11121	0.467664	0.000241454
120	0.533408	0.537629	0.46722	0.000242573
121	0.533655	8.05478	0.46769	0.000240565
122	0.532722	0.536436	0.467875	0.000239549
123	0.532699	4.10866	0.467324	0.000241041
124	0.53304	0.534899	0.467785	0.000239083
125	0.532877	8.2592	0.467838	0.000238579
126	0.532106	0.534729	0.467527	0.00023914
127	0.53246	40.0361	0.467452	0.00023904
128	0.533045	39.6038	0.46761	0.000238188
129	0.534066	19.0976	0.467841	0.000237066
130	0.531427	12.1797	0.467721	0.000237068
131	0.5332	39.4331	0.467788	0.000236464
132	0.532147	0.53642	0.467789	0.000236073
133	0.531871	0.560533	0.467944	0.00023516
134	0.533647	95.9697	0.468035	0.000234461
135	0.53329	7.67102	0.468001	0.000234187
136	0.532288	11.832	0.46822	0.000233111
137	0.535417	35.7961	0.468445	0.000232047
138	0.533568	0.537364	0.468347	0.000232038
139	0.533092	0.53648	0.468399	0.000231519
140	0.533482	0.588471	0.468814	0.000229825
141	0.532029	0.535463	0.469361	0.000227662
142	0.532715	15.6165	0.469425	0.000227116
143	0.532715	0.55995	0.469387	0.000226927
144	0.533002	0.535065	0.469602	0.000225833
145	0.532907	0.539457	0.469872	0.000224607
146	0.531528	0.538828	0.469826	0.000224399
147	0.532241	17.3815	0.469774	0.000224208
148	0.531773	8.9931	0.469996	0.000223146
149	0.53127	7.51709	0.469944	0.000222965
