pelvis_tilt.offset                  	-0.1377888	-0.13660523	0.0018845819	
hip_flexion_r.offset                	0.10489057	0.10804123	0.0018902959	
knee_angle_r.offset                 	0.021929723	0.023953256	0.0018289024	
ankle_angle_r.offset                	0.056254102	0.058503825	0.0018545806	
hip_flexion_l.offset                	0.038941246	0.038547155	0.0017765554	
knee_angle_l.offset                 	0.077667212	0.0766597	0.0017912991	
ankle_angle_l.offset                	-0.0055313211	-0.0082583538	0.0019018419	
leg0_l.stance_load_threshold        	0.15103831	0.15184056	0.001855881	
leg1_r.stance_load_threshold        	0.17706186	0.17504824	0.0018644295	
S11111.tib_ant_l.KL                 	2.3117925	2.2964438	0.021806629	
S11111.tib_ant_l.L0                 	0.83196431	0.83834753	0.0047467968	
S11111.tib_ant_l-soleus_l.KF        	-0.19850732	-0.19648029	0.005752602	
S11111.tib_ant_r.KL                 	1.9206578	1.9239159	0.021409348	
S11111.tib_ant_r.L0                 	0.74342149	0.74445859	0.0047901954	
S11111.tib_ant_r-soleus_r.KF        	-0.087589102	-0.081340766	0.0058280804	
S00111.soleus_l.KF                  	1.1299638	1.1427813	0.012775218	
S00111.gastroc_l.KF                 	1.4461859	1.479401	0.01131239	
S00111.soleus_r.KF                  	1.1366959	1.1409813	0.011557946	
S00111.gastroc_r.KF                 	1.6044706	1.5932002	0.010521739	
S00011.vasti_l.KF                   	1.100305	1.09702	0.010763464	
S00011.vasti_l.C0                   	0.042254192	0.042278755	0.0011283751	
S00011.vasti_l-knee_angle.pos_max   	-0.0011048195	-0.0016247582	0.0030019907	
S00011.hamstrings_l-pelvis_tilt_l.KP	1.0908572	1.1163846	0.031818769	
S00011.hamstrings_l-pelvis_tilt_l.KV	0.47079722	0.46742505	0.0047218397	
S00011.hamstrings_l-pelvis_tilt_l.C0	-0.067949455	-0.067463572	0.0017731419	
S00011.glut_max_l-pelvis_tilt_l.KP  	1.1862326	1.1645051	0.034845759	
S00011.glut_max_l-pelvis_tilt_l.KV  	0.70591904	0.71147699	0.006316347	
S00011.glut_max_l-pelvis_tilt_l.C0  	-0.014302419	-0.015362405	0.0021130662	
S00011.iliopsoas_l-pelvis_tilt_l.KP 	-0.76457021	-0.73830263	0.036789295	
S00011.iliopsoas_l-pelvis_tilt_l.KV 	-0.86809096	-0.86455301	0.0045065231	
S00011.iliopsoas_l-pelvis_tilt_l.C0 	0.19532083	0.19612246	0.002067704	
S00011.vasti_r.KF                   	1.285851	1.2877402	0.011645504	
S00011.vasti_r.C0                   	0.047245021	0.049551813	0.0012245121	
S00011.vasti_r-knee_angle.pos_max   	-0.1475467	-0.14538394	0.0032388588	
S00011.hamstrings_r-pelvis_tilt_r.KP	1.5301262	1.5649564	0.031947809	
S00011.hamstrings_r-pelvis_tilt_r.KV	0.6019626	0.60690117	0.004698179	
S00011.hamstrings_r-pelvis_tilt_r.C0	-0.013128454	-0.013586089	0.0017966505	
S00011.glut_max_r-pelvis_tilt_r.KP  	0.58450501	0.58832608	0.033828003	
S00011.glut_max_r-pelvis_tilt_r.KV  	0.86971533	0.86765663	0.0065356148	
S00011.glut_max_r-pelvis_tilt_r.C0  	-0.0056213584	-0.0062923936	0.0020314456	
S00011.iliopsoas_r-pelvis_tilt_r.KP 	-1.7942286	-1.744714	0.037544159	
S00011.iliopsoas_r-pelvis_tilt_r.KV 	-0.76234588	-0.7644817	0.0046316277	
S00011.iliopsoas_r-pelvis_tilt_r.C0 	0.18942344	0.19449604	0.0020808728	
S00100.iliopsoas_l.C0               	0.52911416	0.53395713	0.0057918881	
S00100.glut_max_l.C0                	-0.21594012	-0.217393	0.0045359842	
S00100.iliopsoas_r.C0               	0.54098481	0.53943803	0.0059811278	
S00100.glut_max_r.C0                	-0.14137418	-0.14031659	0.0043198323	
S11000.iliopsoas_l.KL               	0.14550114	0.15171848	0.0061169558	
S11000.iliopsoas_l.L0               	0.60803602	0.59791521	0.011524597	
S11000.iliopsoas_l-pelvis_tilt_l.P0 	-0.13017159	-0.13004676	0.0018227848	
S11000.iliopsoas_l-pelvis_tilt_l.KP 	1.2861485	1.2863374	0.022031353	
S11000.iliopsoas_l-pelvis_tilt_l.KV 	0.41575583	0.41710853	0.0051584173	
S11000.iliopsoas_l-hamstrings_l.KL  	-2.0379859	-1.9368351	0.054798399	
S11000.iliopsoas_l-hamstrings_l.L0  	0.86538735	0.89199419	0.0088908758	
S11000.hamstrings_l.KF              	-0.40147862	-0.39914743	0.012316514	
S11000.glut_max_l.KF                	0.49106063	0.49160879	0.0069187239	
S11000.iliopsoas_r.KL               	0.43113879	0.43007607	0.0061772001	
S11000.iliopsoas_r.L0               	0.6857431	0.68124787	0.011428654	
S11000.iliopsoas_r-pelvis_tilt_r.P0 	-0.076424606	-0.073970007	0.0017943913	
S11000.iliopsoas_r-pelvis_tilt_r.KP 	1.5554981	1.5434421	0.021588469	
S11000.iliopsoas_r-pelvis_tilt_r.KV 	0.17174345	0.16704278	0.0052579999	
S11000.iliopsoas_r-hamstrings_r.KL  	-1.1425899	-1.2007619	0.056298848	
S11000.iliopsoas_r-hamstrings_r.L0  	0.73370812	0.73573483	0.0089471384	
S11000.hamstrings_r.KF              	-0.46909891	-0.47903937	0.012332745	
S11000.glut_max_r.KF                	0.3631748	0.37393607	0.0065925486	
