generation	best_fitness	median_fitness	predicted_fitness	fitness_progress
0	7.59446	29.9706	0	0
1	7.7594	26.2469	90.2298	-0.0212569
2	7.71939	36.2651	38.9525	-0.00812498
3	7.30264	17.7482	-12.4274	0.00525259
4	7.64908	9.52121	-11.1472	0.00488051
5	6.90638	41.2583	-12.5074	0.00528033
6	6.01305	18.7391	-70.9165	0.0215236
7	0.736875	17.6533	-118.563	0.0355097
8	7.90615	12.7046	-71.2276	0.021997
9	7.27043	17.2446	-24.1701	0.00846903
10	6.61185	10.2116	-44.0333	0.0143315
11	6.3543	8.28431	-57.3337	0.0180684
12	6.13238	18.7612	-60.7837	0.0192614
13	6.3664	12.6653	-60.1513	0.0191443
14	6.42471	8.9355	-50.3882	0.0164035
15	7.28298	37.5492	-42.1282	0.0141284
16	6.72428	30.816	-38.3347	0.0130172
17	6.83223	8.4019	-33.9485	0.0117259
18	6.70274	7.93939	-28.1319	0.0099391
19	6.97217	13.6868	-22.8524	0.00834028
20	7.1777	8.9631	-14.8744	0.00611838
21	6.47469	8.08908	-2.40384	0.00264529
22	6.29168	17.2524	-7.32325	0.00404283
23	6.31174	7.83135	-15.2668	0.00628373
24	6.90006	9.27835	-7.37891	0.00405924
25	6.39574	10.1636	-11.0054	0.0050897
26	6.68185	8.06134	-7.43457	0.00407579
27	6.94091	7.69102	-3.37018	0.00291018
28	6.63807	7.65343	-2.13108	0.00255109
29	5.8742	8.67773	-4.46588	0.00321905
30	6.80597	7.74129	-2.78458	0.00273255
31	6.32373	12.3399	-3.94187	0.00306756
32	6.1601	7.48492	-6.46899	0.0038014
33	6.63809	20.4477	-5.3334	0.00346265
34	6.31241	7.4382	-4.97712	0.00337134
35	6.34303	7.88001	-4.42225	0.00320979
36	6.22005	9.67272	-5.71426	0.00358271
37	6.39649	7.27906	-4.78451	0.00331135
38	6.66034	7.56426	-4.01571	0.00308947
39	6.85061	8.20779	-2.69481	0.00270347
40	6.3639	8.88449	-3.31119	0.00287413
41	6.16128	8.16431	-3.91629	0.00305017
42	6.44014	7.41598	-3.34979	0.00288241
43	6.28279	8.26697	-3.14878	0.00282425
44	5.92453	7.88854	-3.76408	0.00299691
45	5.97458	7.67091	-4.28403	0.00315099
46	6.05654	7.02232	-4.66201	0.00326768
47	0.746766	6.90756	-5.15243	0.0034095
48	6.18232	18.0369	-5.30423	0.00344974
49	5.99521	14.4647	-5.53853	0.00351922
50	6.13244	17.3728	-5.23223	0.00342806
51	5.88973	13.4456	-5.61952	0.00354152
52	0.741159	14.7762	-5.86514	0.00361326
53	6.27065	19.6543	-5.66584	0.0035541
54	0.739346	7.22554	-5.9123	0.00362637
55	0.736484	9.49583	-6.86498	0.00389633
56	6.27466	8.07374	-5.95946	0.00363957
57	6.45868	8.21399	-5.75849	0.00357955
58	6.04457	7.46746	-5.41204	0.00347572
59	5.96123	22.9687	-4.9443	0.00332838
60	0.737825	7.92902	-5.45699	0.00348784
61	5.91231	29.1946	-4.98756	0.0033395
62	5.91937	7.91533	-4.59145	0.00321417
63	6.39635	8.53238	-4.37593	0.00315107
64	6.45398	10.9998	-3.77611	0.00297959
65	5.96826	26.0748	-3.54032	0.00291134
66	5.95966	23.4623	-3.29224	0.00283889
67	6.02686	9.74403	-3.05771	0.00277007
68	6.03036	10.415	-2.98576	0.00274723
69	6.25112	9.59641	-2.81583	0.00269555
70	5.98322	20.5922	-2.61925	0.00263573
71	6.55329	8.52836	-2.39413	0.00256815
72	6.00849	7.41697	-2.18055	0.00250351
73	6.44543	12.2916	-1.61497	0.00233684
74	6.3103	13.0248	-0.977796	0.00214917
75	6.73287	7.76618	-0.923264	0.00213138
76	6.38387	7.20381	-0.815772	0.0020982
77	5.94801	13.9652	-0.652229	0.00204867
78	6.76771	11.2288	-0.292325	0.00194227
79	6.63574	8.51015	-0.301337	0.00194316
80	7.07148	7.96695	0.120654	0.00181838
81	6.42446	7.71283	0.209665	0.00179072
82	6.06243	7.76004	0.386437	0.00173745
83	6.34501	17.6749	0.54409	0.0016897
84	6.35749	7.50137	0.722587	0.00163618
85	6.06171	31.3384	0.890419	0.00158569
86	5.88285	8.00712	1.07636	0.00152988
87	6.20886	17.9092	1.22908	0.00148396
88	6.25167	30.0627	1.34683	0.00144831
89	6.0791	7.61577	1.51836	0.00139755
90	6.34799	9.62055	1.67193	0.00135184
91	0.805165	7.17189	1.50066	0.00139951
92	6.22405	43.5755	1.6548	0.00135367
93	6.33385	16.7032	1.89749	0.00128275
94	6.04555	21.1043	1.97926	0.00125836
95	6.16085	13.8147	2.20934	0.0011901
96	6.1699	7.66467	2.35593	0.0011466
97	0.793043	11.747	2.19427	0.00119152
98	6.25539	15.9158	2.34142	0.00114791
99	6.54187	8.44664	2.56712	0.00108242
100	6.37947	8.46098	2.76606	0.00102429
101	5.83401	7.25417	3.0656	0.000933934
102	0.807389	23.384	2.72616	0.00103096
103	0.809633	12.0505	2.58863	0.00106898
104	6.30105	7.52573	2.78415	0.00101163
105	5.83077	7.0631	3.03505	0.000937367
106	5.99611	17.4806	3.16775	0.000898253
107	0.816758	9.36564	3.02326	0.000938246
108	6.236	6.7319	3.15646	0.00089906
109	6.05342	21.187	3.22308	0.000878742
110	5.95433	17.7303	3.23517	0.000873997
111	5.89162	7.25668	3.38258	0.000829015
112	0.817536	8.19286	3.18749	0.000885145
113	6.54512	16.7102	3.37219	0.000829703
114	5.8858	7.76102	3.32886	0.000839977
115	0.801674	6.95817	3.26331	0.00085784
116	0.817278	23.1419	3.12959	0.000895515
117	6.09795	20.4769	3.23177	0.000864781
118	0.80955	31.8453	3.1184	0.000896317
119	0.818359	7.32461	2.93507	0.000948304
120	6.03752	29.288	3.07552	0.000906439
121	0.804555	9.88612	2.92322	0.000949204
122	0.811006	7.19648	2.80889	0.000980054
123	0.80145	7.03732	2.63675	0.00102697
124	5.83223	30.7652	2.67706	0.00101447
125	0.798536	10.3576	2.46583	0.00107367
126	0.806021	24.3533	2.35304	0.00110465
127	0.803721	10.5373	2.17538	0.00115375
128	0.802022	7.3339	1.89373	0.00123221
129	0.751082	14.2545	1.69084	0.00128754
130	5.8461	12.0414	1.82188	0.0012495
131	0.803562	17.4951	1.67494	0.0012892
132	0.79938	39.9887	1.58742	0.0013125
133	0.812064	15.3149	1.43607	0.00135402
134	0.809059	9.3808	1.32223	0.00138492
135	0.80398	23.7868	1.2476	0.00140451
136	5.879	31.0651	1.30523	0.00138684
137	0.749784	6.88963	1.22453	0.00140815
138	0.808213	6.98927	1.04843	0.00145705
139	0.817103	10.1227	0.916052	0.00149327
140	6.07774	7.74865	1.03063	0.00145917
141	0.814737	12.9571	0.897853	0.0014955
142	0.804203	7.08812	0.773915	0.00152941
143	5.82899	6.92177	0.811753	0.00151717
144	0.811025	6.94226	0.632242	0.00156709
145	5.91569	7.30156	0.793329	0.00151947
146	6.24209	9.7712	0.90094	0.00148734
147	6.31905	7.22198	1.07627	0.00143585
148	0.804989	6.87168	0.882893	0.00148956
149	0.805159	12.7762	0.756483	0.00152411
