generation	best_fitness	median_fitness	predicted_fitness	fitness_progress
0	14.7898	18.4314	0	0
1	14.7063	17.6149	-27.015	0.00567392
2	12.4894	22.5086	-562.599	0.0880382
3	10.4409	24.5141	-1013.83	0.164022
4	13.2193	18.645	-647.238	0.111068
5	12.7439	17.1339	-213.576	0.0334123
6	13.1751	16.0292	-121.877	0.0201527
7	12.5343	16.0373	-70.6548	0.0126889
8	12.652	15.4435	-58.2679	0.0107876
9	11.9256	14.2713	-102.094	0.017577
10	11.3217	14.7579	-121.006	0.0206417
11	11.4494	14.755	-121.245	0.0208124
12	10.8538	13.9027	-132.78	0.0227513
13	12.631	17.1619	-121.775	0.0212548
14	12.1155	13.7298	-111.974	0.0198603
15	12.0249	21.318	-103.464	0.0185555
16	10.7401	23.0608	-96.2712	0.017447
17	11.2273	23.1497	-89.0929	0.0163686
18	11.5269	14.2403	-71.6056	0.0134043
19	11.8609	26.2686	-57.082	0.0110968
20	11.498	14.1682	-47.6329	0.00952803
21	11.6343	15.8997	-36.3118	0.00776134
22	11.2192	14.6777	-34.6057	0.00752366
23	10.7638	17.8169	-34.186	0.00747791
24	11.1728	13.9568	-34.789	0.0075807
25	11.1859	13.3169	-32.1258	0.00714826
26	10.1731	13.7219	-34.9723	0.0076386
27	11.195	20.4368	-32.2985	0.00719972
28	10.8012	14.7134	-30.2487	0.00687686
29	10.9073	13.2822	-30.3746	0.00690674
30	10.9791	13.0723	-29.5607	0.00678796
31	10.9356	15.5682	-26.6956	0.00631237
32	11.1581	20.0697	-24.9749	0.00604597
33	10.9593	13.3095	-20.4228	0.00531011
34	11.3629	29.6268	-17.2751	0.00479972
35	11.4519	14.2208	-16.3317	0.00464962
36	10.9867	18.4131	-15.283	0.00447141
37	11.3264	13.6258	-14.5688	0.004352
38	11.0288	13.7126	-13.1472	0.00411382
39	11.908	12.892	-11.5174	0.0038384
40	12.0161	13.893	-8.2039	0.00328902
41	11.0204	12.9444	-6.46128	0.00300126
42	10.4958	13.6469	-6.11068	0.00294187
43	11.3611	14.0609	-5.12599	0.00277538
44	11.4296	13.5221	-3.44115	0.00249273
45	10.5945	13.1604	-3.30115	0.00246886
46	11.4592	12.6441	-1.84353	0.00222312
47	10.6632	12.8239	-1.45501	0.00215631
48	11.8536	14.1446	-0.437449	0.00198356
49	10.935	12.5952	0.387192	0.0018435
50	10.6384	12.9456	0.879643	0.00175916
51	10.3392	12.0095	0.015872	0.0019021
52	10.5882	12.0375	-0.426337	0.00197451
53	10.091	12.0695	-1.01268	0.0020715
54	9.90177	12.4893	-2.08372	0.00225002
55	10.4195	12.2784	-2.04582	0.00224209
56	10.0979	13.1016	-2.96153	0.00239504
57	9.92497	12.4432	-3.76842	0.002529
58	10.0037	14.4749	-4.92554	0.00272368
59	10.9878	12.6222	-3.82527	0.00253541
60	10.9374	12.2408	-3.06925	0.00240657
61	10.9891	12.2358	-2.19738	0.00225727
62	10.8871	12.9595	-1.88818	0.00220311
63	9.9294	13.9722	-2.24791	0.00226238
64	9.6466	15.2567	-3.17697	0.00241821
65	9.97361	11.4649	-3.9958	0.00255484
66	9.76071	11.8626	-4.83724	0.00269675
67	9.33457	11.6351	-6.94117	0.00305096
68	9.25915	11.291	-8.00697	0.00323093
69	8.82537	11.613	-8.65856	0.00334196
70	8.67991	11.3638	-9.47471	0.00348154
71	8.20111	10.7142	-9.74128	0.0035273
72	8.08925	10.9353	-9.90194	0.00355426
73	8.79101	12.7374	-10.1293	0.00359497
74	8.81648	11.9041	-10.5206	0.00366323
75	8.59301	12.6517	-10.9011	0.0037267
76	8.26468	10.9552	-11.4488	0.00382102
77	8.73702	14.1334	-12.0708	0.00392656
78	8.86807	28.1153	-12.4007	0.003983
79	8.90418	10.674	-12.7553	0.00404636
80	8.70264	10.596	-13.2638	0.00413548
81	9.74124	14.9956	-12.9496	0.00408131
82	8.88171	11.33	-13.3824	0.00415816
83	8.64553	10.2747	-13.8743	0.0042476
84	8.69947	11.2592	-14.2838	0.00432481
85	8.24213	10.135	-14.5327	0.00437045
86	8.78873	15.562	-14.8936	0.00443077
87	7.58173	10.4624	-15.1618	0.00447777
88	8.34649	11.6515	-15.7347	0.00457778
89	8.20227	9.62194	-16.1641	0.00465933
90	7.79901	9.7577	-16.6089	0.00473991
91	7.75927	14.1883	-16.8974	0.00479431
92	7.95377	10.6023	-17.1382	0.00483803
93	6.89168	12.0354	-17.3829	0.00488382
94	7.92059	11.42	-17.7417	0.00495409
95	7.84858	9.8309	-17.9788	0.00500182
96	7.38534	8.43286	-18.3173	0.00506815
97	7.19121	15.2251	-18.7531	0.00514717
98	7.73262	18.0262	-18.8853	0.00517413
99	8.68627	20.1096	-18.7349	0.00515132
100	8.01401	10.5015	-18.4858	0.00511296
101	7.1941	23.6469	-18.8542	0.00518047
102	7.19522	28.7347	-19.098	0.00522824
103	7.17912	14.3772	-19.318	0.0052723
104	7.14078	18.195	-19.5201	0.0053129
105	6.99058	9.60581	-19.6909	0.00535058
106	7.34276	13.9625	-19.7104	0.00535545
107	7.2595	10.0404	-19.7548	0.00536781
108	7.43464	9.93457	-19.7799	0.00537664
109	7.26881	9.76967	-19.6098	0.00535014
110	7.24716	17.1906	-19.6074	0.00535452
111	6.31495	18.1358	-19.7167	0.00537892
112	6.75635	10.021	-19.9952	0.00543508
113	7.90092	18.0111	-19.8235	0.00540801
114	7.15783	8.89258	-19.8207	0.00541248
115	6.80049	28.6701	-19.8668	0.00542302
116	6.68088	9.43281	-20.1116	0.00547203
117	6.49443	9.32888	-20.2814	0.00550937
118	7.4328	8.19456	-20.3	0.00551491
119	7.07531	8.63792	-20.2382	0.00550811
120	6.31959	21.5309	-20.4076	0.0055455
121	7.30865	22.5948	-20.3454	0.00553862
122	6.86608	10.1564	-20.227	0.00552279
123	6.71292	9.13112	-20.2467	0.00553279
124	6.8213	30.3261	-20.2397	0.00553796
125	6.77084	28.6435	-20.213	0.00553629
126	6.57778	10.9203	-20.2005	0.00553779
127	7.28298	10.7072	-20.0733	0.00552149
128	7.24693	9.63202	-20.0469	0.00552232
129	7.09332	9.20192	-19.9679	0.00550846
130	7.69152	9.36239	-19.8597	0.00549247
131	7.11811	11.2362	-19.7808	0.00548135
132	7.42982	15.1365	-19.7139	0.00547082
133	6.61583	9.11037	-19.6393	0.00545622
134	6.87703	11.9652	-19.5744	0.00544574
135	6.87929	19.8173	-19.5098	0.00543777
136	6.49413	8.56471	-19.4447	0.00542696
137	6.53516	17.5046	-19.3815	0.00542138
138	6.67364	13.4646	-19.234	0.00539503
139	6.60245	43.7511	-19.1589	0.0053815
140	6.06494	25.0378	-19.1303	0.00538003
141	6.19027	11.706	-19.0648	0.00536623
142	6.78208	14.2583	-18.9338	0.0053458
143	6.93821	31.1454	-18.8746	0.00533598
144	6.53427	37.7692	-18.6999	0.00531084
145	7.39359	28.1263	-18.6039	0.00529192
146	6.82407	12.5494	-18.469	0.00526486
147	6.40697	25.0793	-18.4495	0.00526387
148	7.92993	14.6761	-18.421	0.00525921
149	8.76882	21.2728	-18.394	0.00525662
