pelvis_tilt.offset                  	-0.10795755	-0.11143969	0.002692104	
hip_flexion_r.offset                	0.11447509	0.11785114	0.0028168047	
knee_angle_r.offset                 	0.054716523	0.055038014	0.0025484694	
ankle_angle_r.offset                	0.078977323	0.078097494	0.002673697	
hip_flexion_l.offset                	0.051012504	0.048911119	0.0025472122	
knee_angle_l.offset                 	0.063800907	0.066038778	0.00257199	
ankle_angle_l.offset                	-0.013018831	-0.013060158	0.0026964202	
leg0_l.stance_load_threshold        	0.15168502	0.1527974	0.0026996128	
leg1_r.stance_load_threshold        	0.16001334	0.15882939	0.0026938378	
S11111.tib_ant_l.KL                 	1.829492	1.8595736	0.030000399	
S11111.tib_ant_l.L0                 	0.78881009	0.77323962	0.006921113	
S11111.tib_ant_l-soleus_l.KF        	-0.19738023	-0.19863917	0.0083229625	
S11111.tib_ant_r.KL                 	1.6292304	1.6645089	0.030205864	
S11111.tib_ant_r.L0                 	0.73522559	0.73394645	0.0069753986	
S11111.tib_ant_r-soleus_r.KF        	-0.046552578	-0.043699938	0.0085026578	
S00111.soleus_l.KF                  	1.007056	0.98780718	0.018341913	
S00111.gastroc_l.KF                 	1.4786883	1.4901643	0.01637839	
S00111.soleus_r.KF                  	1.0380046	1.0415728	0.016676164	
S00111.gastroc_r.KF                 	1.4764803	1.4775642	0.015435084	
S00011.vasti_l.KF                   	1.074214	1.0633174	0.015846586	
S00011.vasti_l.C0                   	0.041941566	0.044788528	0.0016605849	
S00011.vasti_l-knee_angle.pos_max   	-0.030350999	-0.036101871	0.0043158925	
S00011.hamstrings_l-pelvis_tilt_l.KP	0.60367995	0.59696742	0.046858363	
S00011.hamstrings_l-pelvis_tilt_l.KV	0.50453296	0.50782023	0.006704089	
S00011.hamstrings_l-pelvis_tilt_l.C0	-0.035773076	-0.03557341	0.0025262508	
S00011.glut_max_l-pelvis_tilt_l.KP  	0.44884059	0.49315887	0.048523434	
S00011.glut_max_l-pelvis_tilt_l.KV  	0.70493292	0.70976793	0.0090936634	
S00011.glut_max_l-pelvis_tilt_l.C0  	-0.0080587887	-0.0046175531	0.0029746652	
S00011.iliopsoas_l-pelvis_tilt_l.KP 	-1.3609546	-1.3274516	0.053071429	
S00011.iliopsoas_l-pelvis_tilt_l.KV 	-0.86959884	-0.86777863	0.0066002246	
S00011.iliopsoas_l-pelvis_tilt_l.C0 	0.18743376	0.18683425	0.0029179592	
S00011.vasti_r.KF                   	1.1346013	1.1384576	0.016440686	
S00011.vasti_r.C0                   	0.034376214	0.034059463	0.0017527242	
S00011.vasti_r-knee_angle.pos_max   	-0.18080526	-0.18118626	0.0046739498	
S00011.hamstrings_r-pelvis_tilt_r.KP	1.5143885	1.4508573	0.047075215	
S00011.hamstrings_r-pelvis_tilt_r.KV	0.572883	0.58279544	0.006753696	
S00011.hamstrings_r-pelvis_tilt_r.C0	0.0041417332	0.0044793564	0.0025674829	
S00011.glut_max_r-pelvis_tilt_r.KP  	0.82706358	0.76749368	0.048549037	
S00011.glut_max_r-pelvis_tilt_r.KV  	0.77586044	0.76245966	0.0092356175	
S00011.glut_max_r-pelvis_tilt_r.C0  	-0.0089339645	-0.010778083	0.0029654544	
S00011.iliopsoas_r-pelvis_tilt_r.KP 	-2.03093	-1.942187	0.054115087	
S00011.iliopsoas_r-pelvis_tilt_r.KV 	-0.67230147	-0.67178608	0.0063983713	
S00011.iliopsoas_r-pelvis_tilt_r.C0 	0.18228602	0.18233128	0.0030189265	
S00100.iliopsoas_l.C0               	0.51446745	0.50797151	0.0083759205	
S00100.glut_max_l.C0                	-0.23277124	-0.23095094	0.0065331291	
S00100.iliopsoas_r.C0               	0.48386075	0.47705053	0.008543232	
S00100.glut_max_r.C0                	-0.16156511	-0.15848611	0.0062745276	
S11000.iliopsoas_l.KL               	0.15348485	0.16125612	0.0087936298	
S11000.iliopsoas_l.L0               	0.42486474	0.4154851	0.016218918	
S11000.iliopsoas_l-pelvis_tilt_l.P0 	-0.13540507	-0.13378285	0.0026439746	
S11000.iliopsoas_l-pelvis_tilt_l.KP 	1.0563319	1.0878657	0.031100765	
S11000.iliopsoas_l-pelvis_tilt_l.KV 	0.44741138	0.44175028	0.0075376302	
S11000.iliopsoas_l-hamstrings_l.KL  	-1.5385821	-1.5448839	0.079223162	
S11000.iliopsoas_l-hamstrings_l.L0  	0.85132947	0.87036229	0.013142913	
S11000.hamstrings_l.KF              	-0.32208434	-0.31187528	0.017627987	
S11000.glut_max_l.KF                	0.468333	0.45514023	0.0098200913	
S11000.iliopsoas_r.KL               	0.4614062	0.46925058	0.0089714655	
S11000.iliopsoas_r.L0               	0.5933014	0.60914404	0.016641393	
S11000.iliopsoas_r-pelvis_tilt_r.P0 	-0.082720075	-0.079034081	0.0026145823	
S11000.iliopsoas_r-pelvis_tilt_r.KP 	1.6111371	1.6219425	0.030881647	
S11000.iliopsoas_r-pelvis_tilt_r.KV 	0.15429671	0.15123201	0.0075821501	
S11000.iliopsoas_r-hamstrings_r.KL  	-0.90974705	-0.88696679	0.081101483	
S11000.iliopsoas_r-hamstrings_r.L0  	0.86240277	0.84150702	0.012558791	
S11000.hamstrings_r.KF              	-0.27719083	-0.28071225	0.017465888	
S11000.glut_max_r.KF                	0.40407336	0.4137717	0.0095133386	
