generation	best_fitness	median_fitness	predicted_fitness	fitness_progress
0	0.694896	53.0492	0	0
1	0.693189	8.53872	-0.160439	0.0024629
2	0.699513	56.2291	1.85376	-0.00330559
3	0.689033	47.8156	-0.163854	0.00246898
4	0.694019	52.9952	0.334442	0.00103185
5	0.787266	39.7237	0.83373	-0.000398546
6	0.691248	39.9579	0.666108	8.01115e-05
7	0.687811	54.0819	0.442072	0.000719081
8	0.694082	53.1816	0.628365	0.000187715
9	0.701705	25.4499	0.730043	-0.000103109
10	0.710156	46.7919	0.796342	-0.000291246
11	0.69286	6.10481	0.651245	0.000122128
12	0.695757	53.2624	0.753151	-0.000167649
13	0.690028	12.7965	0.653802	0.000114392
14	0.703255	48.823	0.753384	-0.000167621
15	0.708519	30.6871	0.836044	-0.000399825
16	0.710557	49.5694	0.966364	-0.000760847
17	0.694768	3.32681	0.8366	-0.000399665
18	0.703824	7.30919	0.967425	-0.000760269
19	0.695804	3.25801	0.836021	-0.000396358
20	0.701419	24.3666	0.862497	-0.000468514
21	0.704924	52.0765	0.886517	-0.000531396
22	0.700039	46.3539	0.87301	-0.000495322
23	0.695694	0.76671	0.85837	-0.000453862
24	0.683648	51.8005	0.844443	-0.000415216
25	0.690625	66.2138	0.815613	-0.000335475
26	0.688365	37.5704	0.792881	-0.000272182
27	0.686139	39.5954	0.752857	-0.00016169
28	0.689455	6.45642	0.715858	-5.74244e-05
29	0.690134	58.3528	0.680906	3.85164e-05
30	0.697043	60.1173	0.655241	0.000110881
31	0.685398	51.1644	0.582115	0.000312862
32	0.684815	34.0105	0.523196	0.000477987
33	0.6843	48.4022	0.514476	0.000500721
34	0.687275	46.613	0.498607	0.000544102
35	0.678096	6.22197	0.459474	0.000652567
36	0.68378	56.1429	0.432141	0.000726661
37	0.685387	54.7392	0.429482	0.00073418
38	0.681553	49.2934	0.400125	0.000815245
39	0.694221	6.46027	0.431997	0.000724764
40	0.693386	6.1879	0.445215	0.000687854
41	0.693328	6.22488	0.478834	0.000592709
42	0.687413	8.8732	0.48804	0.000566267
43	0.690033	27.5807	0.499908	0.000532603
44	0.686151	8.65293	0.500076	0.000531615
45	0.687561	3.53906	0.509032	0.000506577
46	0.679739	27.062	0.507954	0.000508436
47	0.682538	36.8288	0.500274	0.00052812
48	0.6873	41.6993	0.500707	0.00052647
49	5.83965	39.2631	0.521469	0.00046922
50	0.69161	7.16421	0.529726	0.000446231
51	0.707354	6.94521	0.547458	0.000396647
52	0.690066	17.0863	0.551666	0.000384898
53	0.692161	6.44382	0.564256	0.000349781
54	0.69811	53.2988	0.575889	0.000317319
55	0.696815	63.619	0.583222	0.000296479
56	0.686529	3.22705	0.583965	0.000294264
57	0.69467	46.9914	0.586758	0.000286822
58	0.696103	16.8356	0.591146	0.000274748
59	0.699052	6.10536	0.601647	0.000245862
60	0.692935	6.17824	0.608279	0.000228511
61	0.690857	43.6531	0.619378	0.000198652
62	0.691961	12.0975	0.631403	0.000166119
63	0.693961	25.2288	0.642324	0.000136802
64	0.690279	16.0703	0.643345	0.000135406
65	0.697526	6.44468	0.648384	0.000120901
66	0.6935	6.99977	0.651355	0.00011259
67	0.68509	27.5011	0.650448	0.000114618
68	0.690877	0.713559	0.655338	0.000101086
69	0.689897	32.6442	0.65562	9.9888e-05
70	0.687836	5.89596	0.659575	8.87561e-05
71	0.686469	3.3059	0.659708	8.81949e-05
72	0.680182	12.59	0.65462	0.000101407
73	0.683066	40.4968	0.650331	0.00011284
74	0.670567	3.25949	0.644926	0.000125871
75	0.687292	50.1871	0.640767	0.000136251
76	0.680921	48.2404	0.637049	0.000145333
77	0.686791	17.7274	0.636788	0.000145736
78	0.673498	6.93235	0.632267	0.000158264
79	0.677272	3.36335	0.629634	0.000165096
80	0.682156	3.31763	0.628571	0.000167501
81	0.67911	41.6564	0.627397	0.00016957
82	0.620403	9.82497	0.623047	0.000180056
83	0.625503	0.687663	0.621649	0.000183467
84	0.625562	32.7279	0.61845	0.000191736
85	0.622044	13.3884	0.613809	0.0002028
86	0.628865	3.18614	0.6109	0.000208881
87	0.677449	16.9484	0.610075	0.00021024
88	0.620017	0.690705	0.605158	0.000222686
89	0.627469	14.2281	0.601648	0.00023127
90	0.640987	18.1036	0.598415	0.000238947
91	0.633516	38.1607	0.591033	0.000258699
92	0.673914	55.2873	0.588569	0.000264686
93	0.678814	27.2884	0.583926	0.000276573
94	0.67305	11.286	0.580738	0.000284651
95	0.672703	19.8289	0.577788	0.000291903
96	0.673503	0.687671	0.57549	0.000296906
97	0.622346	12.055	0.572776	0.000303204
98	0.619147	27.4792	0.56675	0.000318499
99	0.673122	24.492	0.561253	0.000332603
100	0.620946	44.1742	0.555659	0.000346553
101	0.617228	38.1508	0.547921	0.000366259
102	0.66815	6.47776	0.53955	0.000387247
103	0.670301	0.696892	0.536312	0.000395254
104	0.673185	33.8308	0.535716	0.000396247
105	0.665011	49.237	0.530131	0.000410432
106	0.621832	45.8179	0.524724	0.000423682
107	0.628301	37.4399	0.519199	0.000438049
108	0.618354	49.0842	0.510297	0.000461807
109	0.626277	40.4847	0.506456	0.000470885
110	0.618719	8.83631	0.501747	0.000482372
111	0.63109	0.681986	0.498221	0.000490555
112	0.630695	48.6259	0.496111	0.000495147
113	0.63074	0.68201	0.490692	0.000507981
114	0.640688	5.97957	0.479387	0.000535821
115	0.634745	0.691771	0.474706	0.000546912
116	0.621807	0.649553	0.472505	0.000551859
117	0.623711	3.29873	0.471614	0.000553189
118	0.626053	32.6712	0.462065	0.000576278
119	0.628119	15.2079	0.456759	0.000588682
120	0.62911	6.3852	0.453086	0.000597217
121	0.627209	0.636696	0.446492	0.000612661
122	0.621544	0.665023	0.43706	0.000635708
123	0.624164	0.679834	0.432728	0.000645487
124	0.622107	19.7859	0.423957	0.000666559
125	0.624544	0.674523	0.41078	0.000698094
126	0.626797	5.82048	0.40745	0.000705569
127	0.623708	3.32201	0.403813	0.000713277
128	0.622924	3.32468	0.395862	0.00073218
129	0.621515	0.678636	0.387598	0.000751831
130	0.624977	0.705898	0.37915	0.000771552
131	0.624913	0.707824	0.373524	0.000784461
132	0.619475	0.71577	0.367452	0.000798619
133	0.619704	3.2768	0.362708	0.000809562
134	0.621074	0.730126	0.356992	0.000823032
135	0.624128	24.3927	0.347477	0.0008462
136	0.617734	5.87924	0.340179	0.000863725
137	0.620148	13.1666	0.326464	0.000897503
138	0.61777	6.05799	0.319895	0.000913021
139	0.618893	0.707435	0.306443	0.00094645
140	0.618146	12.8093	0.301884	0.000956772
141	0.617487	6.80186	0.294298	0.000975857
142	0.618145	0.677779	0.29406	0.00097525
143	0.615152	0.647555	0.288898	0.000987856
144	0.616131	8.21055	0.287321	0.000990903
145	0.614419	0.646909	0.285351	0.000995035
146	0.615314	0.677324	0.283745	0.000998178
147	0.617453	0.67822	0.284247	0.000995488
148	0.617403	0.632694	0.283541	0.000996154
149	0.61537	0.623238	0.283602	0.000994695
