generation	best_fitness	median_fitness	predicted_fitness	fitness_progress
0	96.2141	96.2954	0	0
1	96.1502	96.2384	64.1868	0.000664863
2	96.115	96.1755	71.3462	0.000515267
3	96.0907	96.1258	78.511	0.000365673
4	96.0061	96.0897	74.8588	0.000440644
5	95.9959	96.0553	75.7852	0.000420702
6	95.9417	96.0269	73.8079	0.00046087
7	95.9115	95.9804	74.5292	0.000445188
8	95.8999	95.9317	75.755	0.000419074
9	95.8501	95.9146	75.9828	0.000413647
10	95.7932	95.8576	75.9919	0.000412726
11	95.7675	95.8209	76.2585	0.000406519
12	95.6944	95.7949	75.9127	0.000412896
13	95.6558	95.7304	75.4777	0.000421081
14	95.5673	95.6729	75.1065	0.000427939
15	95.5384	95.627	74.7465	0.000434546
16	95.5206	95.5935	74.3798	0.000441314
17	95.4665	95.5554	74.0171	0.000447972
18	95.3857	95.4943	73.5566	0.000456595
19	95.3083	95.4323	73.3613	0.000459776
20	95.2569	95.323	72.9197	0.000467972
21	95.1314	95.2688	72.4752	0.000476184
22	95.0451	95.2384	71.9247	0.000486548
23	94.97	95.0603	71.1579	0.000501273
24	94.8264	94.9794	70.4724	0.000514285
25	94.712	94.8854	70.114	0.000520776
26	94.5789	94.8257	69.602	0.000530358
27	94.4833	94.7249	69.1125	0.000539227
28	94.366	94.6103	68.9303	0.000541867
29	94.1078	94.4819	68.2302	0.000555036
30	93.4104	94.2328	67.5014	0.00056877
31	92.4726	93.8876	66.9699	0.000578507
32	92.1018	93.254	66.2112	0.000592795
33	90.3887	92.1439	65.9052	0.00059795
34	86.8249	90.4246	63.8851	0.000637454
35	86.0703	89.5531	60.7049	0.000700579
36	84.8988	89.5738	57.6417	0.000761399
37	85.0386	89.1832	54.9642	0.000814385
38	84.9485	86.8402	54.0155	0.000832274
39	84.3273	85.3684	53.0414	0.000850394
40	84.1551	84.9455	51.8818	0.000872189
41	83.9045	84.4875	50.3691	0.000901204
42	83.6091	84.171	49.4362	0.000918559
43	83.2284	83.7756	48.7252	0.000931071
44	82.9004	83.6238	43.9222	0.00102546
45	82.3937	83.4953	38.4548	0.00113351
46	82.334	83.1469	37.5299	0.00115068
47	81.6698	82.6505	35.0235	0.00119929
48	81.4883	82.5738	34.079	0.00121643
49	80.5014	82.598	33.8075	0.00122012
50	80.5775	81.6722	33.4004	0.00122653
51	80.3634	81.3647	32.9698	0.00123326
52	79.6834	81.0896	29.0555	0.00131006
53	72.241	80.9442	24.7862	0.00139449
54	14.6705	80.4043	22.4704	0.00143975
55	22.0918	77.0556	16.9159	0.00155096
56	14.305	72.4735	-8.61036	0.0020744
57	11.4043	69.5634	-46.6765	0.00287976
58	11.3664	76.0986	-119.479	0.00444542
59	9.93792	53.104	-127.444	0.00461218
60	12.7139	41.7994	-132.03	0.00471016
61	11.9575	19.9563	-134.72	0.00477207
62	10.5246	48.2623	-138.7	0.00485728
63	12.6477	14.7693	-143.049	0.00495436
64	11.792	14.6079	-147.429	0.00505265
65	9.91216	12.5342	-152.595	0.0051676
66	10.5256	13.8331	-157.809	0.00528362
67	11.1714	14.8969	-169.462	0.00554583
68	9.02289	23.7606	-175.474	0.00568497
69	10.5474	31.193	-180.747	0.00580693
70	7.20059	12.1488	-187.772	0.00597737
71	8.71446	23.1503	-192.798	0.00610797
72	8.37698	16.4278	-201.137	0.00630811
73	8.26357	35.9907	-206.782	0.00646544
74	8.56962	30.5841	-216.926	0.0067377
75	8.25262	20.9767	-224.079	0.00694158
76	7.75307	9.21113	-233.674	0.0072135
77	8.55673	51.5682	-239.778	0.00738634
78	8.50971	10.0223	-248.542	0.00762567
79	7.48058	11.1787	-253.859	0.00779941
80	7.11429	10.5432	-259.368	0.00798279
81	7.24695	55.1384	-265.993	0.00820412
82	6.0772	17.8455	-274.56	0.00848753
83	7.81758	38.3403	-290.184	0.00898733
84	7.39276	32.505	-301.282	0.00937152
85	6.67846	35.3071	-323.165	0.010117
86	0.833471	58.7993	-351.401	0.0111254
87	6.23722	45.2812	-364.824	0.0116782
88	0.829908	8.80782	-369.078	0.0119236
89	0.823132	44.5009	-400.717	0.0132319
90	0.84673	54.1412	-432.529	0.0146795
91	5.89364	44.7575	-443.497	0.0153265
92	6.44624	23.0096	-472.986	0.016913
93	6.04251	24.407	-498.017	0.0184418
94	6.12691	50.4553	-507.031	0.0190586
95	6.89103	57.3819	-508.168	0.0191647
96	6.1904	64.6651	-509.44	0.0192973
97	0.878532	42.802	-515.693	0.019724
98	6.30575	9.20423	-516.88	0.0198396
99	0.856486	54.163	-519.312	0.0200577
100	0.821449	20.3366	-519.516	0.0202438
101	0.840059	31.7025	-522.314	0.0204341
102	0.854386	37.8458	-515.141	0.0202843
103	0.839055	62.7656	-511.802	0.0202516
104	5.87134	43.8535	-536.668	0.0211396
105	0.829471	19.9074	-568.697	0.0222082
106	0.841112	46.5034	-574.291	0.0225849
107	0.867071	8.04592	-574.721	0.022694
108	0.880753	30.2686	-557.526	0.0221793
109	0.88321	64.5187	-553.989	0.0222883
110	0.938782	53.6091	-548.301	0.0220931
111	0.890747	22.7371	-537.234	0.0218992
112	0.902615	43.102	-515.214	0.0215776
113	0.856019	12.9637	-498.792	0.0210111
114	0.872774	52.1936	-479.17	0.0202469
115	0.885093	32.6808	-473.876	0.0200667
116	0.874488	13.2565	-451.329	0.019203
117	0.89259	53.3362	-436.718	0.0188338
118	6.52543	49.0956	-426.235	0.0184126
119	0.880842	8.57063	-398.698	0.0183172
120	0.885188	9.29421	-369.8	0.0182844
121	0.876147	7.53839	-353.583	0.0182629
122	0.851479	26.2307	-327.725	0.0182264
123	0.877102	7.93184	-303.609	0.0181929
124	0.867323	13.395	-286.295	0.0181663
125	0.86779	3.61096	-273.006	0.0181355
126	0.879702	9.16338	-258.409	0.0180989
127	0.844569	22.7825	-247.734	0.0179162
128	0.81416	24.234	-235.168	0.0177307
129	0.820654	28.5828	-228.53	0.0177113
130	0.777759	37.5027	-219.38	0.0176836
131	0.769228	52.8614	-211.554	0.0176627
132	0.780461	16.4049	-203.439	0.0176394
133	0.744944	32.7417	-198.187	0.0176305
134	0.773569	6.68934	-191.931	0.0176176
135	0.778902	6.9289	-186.7	0.0175866
136	0.805106	66.6313	-179.965	0.0175475
137	0.784615	6.41783	-176.098	0.0175344
138	0.824244	6.27156	-174.205	0.0175296
139	0.774769	6.16864	-168.041	0.0175001
140	0.812246	6.30513	-165.033	0.0174844
141	0.797345	29.4061	-163.046	0.0174679
142	0.79129	17.5222	-160.587	0.0174486
143	0.793366	3.34916	-159.466	0.0174589
144	0.784681	26.7136	-157.896	0.017467
145	0.750859	38.9184	-154.974	0.0174658
146	0.771495	30.395	-149.446	0.0173572
147	0.766103	7.71387	-147.152	0.0172154
148	0.778863	15.6719	-145.07	0.0171637
149	0.765763	6.71779	-143.688	0.0171597
