generation	best_fitness	median_fitness	predicted_fitness	fitness_progress
0	0.821521	45.7682	0	0
1	0.775681	22.9672	-22.1444	0.0590966
2	0.770946	6.0105	-11.8729	0.0322717
3	0.784512	38.4368	-1.59231	0.00607021
4	0.760863	44.8788	-1.68295	0.00636074
5	0.754876	36.1172	-2.23889	0.00780794
6	0.758926	3.37607	-2.00733	0.00722129
7	0.780605	20.4086	-1.69385	0.00639039
8	0.761174	19.0883	-1.27073	0.0052852
9	0.76342	5.54857	-0.834803	0.0041441
10	0.776097	25.264	-0.0137892	0.00201772
11	0.781354	29.7365	0.840385	-0.000171171
12	0.762254	0.842958	0.569629	0.000513202
13	0.760454	22.9584	0.421158	0.000890545
14	0.739618	0.787645	0.139361	0.00161573
15	0.754834	38.7341	0.0737821	0.00178227
16	0.748975	4.27193	-0.0764397	0.00216753
17	0.754506	36.2511	0.0710536	0.00178545
18	0.764261	7.5389	0.0824984	0.00175429
19	0.761377	0.785462	0.120661	0.00165427
20	0.752818	0.805264	0.0828818	0.00174956
21	0.753106	5.93241	0.177538	0.00150451
22	0.750051	10.5553	0.214392	0.00140768
23	0.746155	23.0035	0.171066	0.0015174
24	0.742997	23.9346	0.136819	0.00160357
25	0.738185	16.4389	0.130208	0.00161848
26	0.733253	16.0663	0.0611374	0.00179407
27	0.745286	6.21544	0.0678794	0.00177485
28	0.738123	17.379	0.0560388	0.0018034
29	0.738897	12.7804	0.0566711	0.00179991
30	0.73826	15.3488	0.0421264	0.00183541
31	0.735736	6.1372	0.04624	0.001823
32	0.734415	32.91	0.0537586	0.00180183
33	0.730536	0.750427	0.0415262	0.00183135
34	0.729221	53.2486	0.0293285	0.00186079
35	0.722888	19.9026	0.00517035	0.00192096
36	0.726626	15.6168	-0.00346982	0.00194128
37	0.729513	6.62524	0.00916052	0.00190698
38	0.72958	10.7546	0.0243293	0.00186617
39	0.724078	5.89323	0.0305001	0.00184847
40	0.713026	25.5626	0.0150602	0.00188626
41	0.717935	0.766519	0.00342631	0.00191428
42	0.720564	0.752122	0.0120178	0.00189037
43	0.712673	22.6818	-0.00624651	0.00193543
44	0.71504	21.29	-0.013754	0.00195288
45	0.709806	3.44632	-0.0219009	0.00197197
46	0.712808	6.86987	-0.0227886	0.00197242
47	0.705611	6.23088	-0.0271744	0.00198186
48	0.709341	24.1503	-0.0273555	0.0019805
49	0.706377	7.69361	-0.0322878	0.00199135
50	0.702399	6.26792	-0.0406355	0.00201101
51	0.698631	6.04919	-0.0473174	0.00202636
52	0.703069	6.78831	-0.0449036	0.00201835
53	0.712144	66.3468	-0.0406501	0.0020056
54	0.695932	54.505	-0.0478926	0.00202244
55	0.695487	61.7007	-0.0556926	0.0020407
56	0.699864	44.0184	-0.0508814	0.00202654
57	0.719768	29.7762	-0.0465853	0.00201368
58	0.706485	6.91256	-0.0455583	0.00200923
59	0.706809	33.829	-0.0429327	0.00200071
60	0.713874	29.8862	-0.0400469	0.0019915
61	0.735183	32.4613	-0.0390539	0.00198717
62	0.743996	18.6862	-0.0353419	0.00197584
63	0.726506	34.4597	-0.0328124	0.00196755
64	0.729893	8.99122	-0.0287076	0.00195522
65	0.712437	3.31859	-0.0229989	0.00193877
66	0.722045	33.4608	-0.0204955	0.00193056
67	0.719238	7.13463	-0.0120991	0.00190723
68	0.717802	10.6199	-0.00998193	0.00190004
69	0.71337	20.6644	-0.00243902	0.00187892
70	0.704495	44.3649	0.000815153	0.00186882
71	0.719233	65.7056	0.00938517	0.00184509
72	0.733848	6.20759	0.0159197	0.0018266
73	0.722758	53.0801	0.0289314	0.00179154
74	0.718562	11.8933	0.0406812	0.00175978
75	0.727103	5.9521	0.0466658	0.00174278
76	0.715492	3.26993	0.0519238	0.00172768
77	0.712079	0.804139	0.0565896	0.00171406
78	0.712027	37.1583	0.0706303	0.00167652
79	0.722404	21.0702	0.0840014	0.00164085
80	0.719359	6.28917	0.0885534	0.00162767
81	0.722545	11.3587	0.0932394	0.00161406
82	0.730612	37.4373	0.102873	0.00158781
83	0.723218	49.4264	0.106929	0.00157598
84	0.719833	8.26251	0.121427	0.00153774
85	0.73092	35.3254	0.135175	0.00150158
86	0.732559	3.31575	0.151233	0.00145977
87	0.729628	0.813284	0.157075	0.00144361
88	0.732561	5.92424	0.170153	0.00140932
89	0.73738	6.21514	0.178332	0.00138739
90	0.720905	5.85754	0.200545	0.00133057
91	0.720045	0.802159	0.210081	0.00130484
92	0.715307	3.31223	0.212503	0.0012973
93	0.709353	0.769028	0.238174	0.00123239
94	0.7152	26.4341	0.254281	0.00119069
95	0.717752	3.34078	0.265837	0.00116076
96	0.725997	35.8806	0.282414	0.00111873
97	0.716318	0.762311	0.301986	0.00106928
98	0.706064	0.741761	0.315126	0.00103606
99	0.707288	23.0526	0.341365	0.000971074
100	0.715415	55.0722	0.362468	0.000917392
101	0.700768	19.8268	0.368308	0.00090212
102	0.705904	42.172	0.373223	0.000889206
103	0.716436	11.0096	0.387589	0.000852614
104	0.708569	0.795557	0.433265	0.000737931
105	0.707921	6.3831	0.474819	0.000633836
106	0.719573	32.6571	0.48441	0.000610133
107	0.711853	0.727532	0.500224	0.000568739
108	0.717067	0.793935	0.506679	0.000552065
109	0.713591	15.1123	0.523145	0.000509973
