pelvis_tilt.offset                  	-0.052697083	-0.053479369	0.00063509887	
hip_flexion_r.offset                	0.14010892	0.13996738	0.00075134012	
knee_angle_r.offset                 	0.034875458	0.034134713	0.00066167239	
ankle_angle_r.offset                	0.083624899	0.084313755	0.00070252856	
hip_flexion_l.offset                	-0.0017699243	-0.0011202147	0.00067212325	
knee_angle_l.offset                 	0.076292716	0.075796744	0.000666885	
ankle_angle_l.offset                	-0.0015904671	-0.0026919142	0.00072514572	
leg0_l.stance_load_threshold        	0.17831671	0.17787736	0.00067412612	
leg1_r.stance_load_threshold        	0.17825723	0.17720169	0.00066399885	
S11111.tib_ant_l.KL                 	1.7767746	1.7667206	0.0077571182	
S11111.tib_ant_l.L0                 	0.83204703	0.83258263	0.001781808	
S11111.tib_ant_l-soleus_l.KF        	-0.25417366	-0.25416168	0.0023320345	
S11111.tib_ant_r.KL                 	1.4770072	1.478372	0.0076991468	
S11111.tib_ant_r.L0                 	0.76198979	0.7601443	0.0018427325	
S11111.tib_ant_r-soleus_r.KF        	-0.2344152	-0.23433752	0.0021821492	
S00111.soleus_l.KF                  	1.0254284	1.0290481	0.0043254005	
S00111.gastroc_l.KF                 	1.5160452	1.5184899	0.0042996243	
S00111.soleus_r.KF                  	1.0518587	1.0507936	0.0042530436	
S00111.gastroc_r.KF                 	1.2966728	1.293497	0.0040513659	
S00011.vasti_l.KF                   	1.0911698	1.0964261	0.0042163457	
S00011.vasti_l.C0                   	0.028625395	0.028749885	0.00046027855	
S00011.vasti_l-knee_angle.pos_max   	-0.082619439	-0.082906647	0.0010903194	
S00011.hamstrings_l-pelvis_tilt_l.KP	0.74208992	0.75024288	0.011589949	
S00011.hamstrings_l-pelvis_tilt_l.KV	0.53699571	0.53450652	0.0017794496	
S00011.hamstrings_l-pelvis_tilt_l.C0	-0.015567455	-0.015009159	0.00065785284	
S00011.glut_max_l-pelvis_tilt_l.KP  	0.88207205	0.89247712	0.012099259	
S00011.glut_max_l-pelvis_tilt_l.KV  	0.74565947	0.745546	0.0022569874	
S00011.glut_max_l-pelvis_tilt_l.C0  	-0.029673522	-0.029814929	0.0007641991	
S00011.iliopsoas_l-pelvis_tilt_l.KP 	-1.5776078	-1.5728762	0.015395826	
S00011.iliopsoas_l-pelvis_tilt_l.KV 	-0.70772231	-0.70894972	0.0016567534	
S00011.iliopsoas_l-pelvis_tilt_l.C0 	0.16636314	0.16585296	0.00078947682	
S00011.vasti_r.KF                   	0.98256287	0.98247691	0.0044194693	
S00011.vasti_r.C0                   	0.051023083	0.050169152	0.00047982373	
S00011.vasti_r-knee_angle.pos_max   	-0.068148352	-0.068261256	0.0010630831	
S00011.hamstrings_r-pelvis_tilt_r.KP	1.0705652	1.0877344	0.011554706	
S00011.hamstrings_r-pelvis_tilt_r.KV	0.56303187	0.55916067	0.0017637046	
S00011.hamstrings_r-pelvis_tilt_r.C0	-0.012118878	-0.012934539	0.00065136971	
S00011.glut_max_r-pelvis_tilt_r.KP  	0.68286853	0.68804942	0.012135148	
S00011.glut_max_r-pelvis_tilt_r.KV  	0.75207743	0.75195907	0.0022431351	
S00011.glut_max_r-pelvis_tilt_r.C0  	-0.016789215	-0.01642805	0.00078269538	
S00011.iliopsoas_r-pelvis_tilt_r.KP 	-2.1046911	-2.1103822	0.015267855	
S00011.iliopsoas_r-pelvis_tilt_r.KV 	-0.76555024	-0.76691498	0.0016636373	
S00011.iliopsoas_r-pelvis_tilt_r.C0 	0.19224553	0.19225054	0.00077693194	
S00100.iliopsoas_l.C0               	0.5222353	0.51959054	0.0021425303	
S00100.glut_max_l.C0                	-0.20040816	-0.20119558	0.0016080577	
S00100.iliopsoas_r.C0               	0.48333225	0.48495709	0.0020591078	
S00100.glut_max_r.C0                	-0.24039272	-0.24283696	0.0016207508	
S11000.iliopsoas_l.KL               	0.12307753	0.12268554	0.0021743564	
S11000.iliopsoas_l.L0               	0.04985949	0.052291548	0.0043104073	
S11000.iliopsoas_l-pelvis_tilt_l.P0 	-0.13197582	-0.1315782	0.00072769536	
S11000.iliopsoas_l-pelvis_tilt_l.KP 	0.73640917	0.73581848	0.0078099186	
S11000.iliopsoas_l-pelvis_tilt_l.KV 	0.25368905	0.2563818	0.001781801	
S11000.iliopsoas_l-hamstrings_l.KL  	-0.97616901	-0.97637704	0.020282903	
S11000.iliopsoas_l-hamstrings_l.L0  	0.92361533	0.92716113	0.0034998137	
S11000.hamstrings_l.KF              	-0.26827637	-0.27266226	0.0049171875	
S11000.glut_max_l.KF                	0.47502874	0.47637986	0.0025063665	
S11000.iliopsoas_r.KL               	0.13385492	0.13310184	0.0022245221	
S11000.iliopsoas_r.L0               	0.26590889	0.26416942	0.0043870731	
S11000.iliopsoas_r-pelvis_tilt_r.P0 	-0.12021948	-0.12108746	0.00073018009	
S11000.iliopsoas_r-pelvis_tilt_r.KP 	0.91898857	0.91221034	0.0076716379	
S11000.iliopsoas_r-pelvis_tilt_r.KV 	0.25630466	0.25810079	0.001826273	
S11000.iliopsoas_r-hamstrings_r.KL  	-0.4944838	-0.51150407	0.019742606	
S11000.iliopsoas_r-hamstrings_r.L0  	1.0031542	1.0029232	0.0033283437	
S11000.hamstrings_r.KF              	-0.35062973	-0.34466259	0.0048368507	
S11000.glut_max_r.KF                	0.41221509	0.41225581	0.0026285561	
