generation	best_fitness	median_fitness	predicted_fitness	fitness_progress
0	0.585985	44.729	0	0
1	0.587231	19.1683	1.21028	-0.00212199
2	0.590545	45.6613	1.7306	-0.00386851
3	0.587699	36.4784	1.21277	-0.00211749
4	0.588499	47.4433	0.902802	-0.00106986
5	0.588762	29.2988	0.80023	-0.000719011
6	0.589223	9.12454	0.800194	-0.000717382
7	0.5896	8.90751	0.788869	-0.000677271
8	0.588206	22.7361	0.783658	-0.000658238
9	0.588763	0.614695	0.778426	-0.000639226
10	0.587432	0.591275	0.751682	-0.000548829
11	0.588086	14.2908	0.714061	-0.000422655
12	0.585943	0.588576	0.633017	-0.000151193
13	0.586524	13.6205	0.510507	0.000261037
14	0.584984	0.588196	0.484581	0.000347091
15	0.584413	43.1697	0.43814	0.000502537
16	0.5834	0.636395	0.409437	0.000597292
17	0.581567	0.638805	0.396109	0.000640527
18	0.580797	32.5028	0.389481	0.000661536
19	0.580321	55.4356	0.3662	0.00073828
20	0.579055	49.4114	0.337202	0.000834053
21	0.57927	0.583588	0.298882	0.000960448
22	0.581378	61.1312	0.302999	0.000945821
23	0.580161	46.1463	0.299855	0.000955157
24	0.579292	3.14787	0.296189	0.000966113
25	0.578942	17.3053	0.300495	0.000950482
26	0.579585	57.7259	0.307033	0.000927362
27	0.579315	32.8198	0.315469	0.000897765
28	0.578681	19.7392	0.325144	0.000864028
29	0.578645	30.6558	0.329973	0.00084676
30	0.578384	50.4596	0.33693	0.000822616
31	0.577757	40.7568	0.341552	0.000806115
32	0.579147	7.39959	0.348044	0.000783544
33	0.579176	0.632195	0.352578	0.000767196
34	0.578813	0.58141	0.364828	0.000725275
35	0.579356	46.2814	0.367991	0.00071369
36	0.580214	54.0494	0.372045	0.000699053
37	0.5791	0.606037	0.38492	0.000655203
38	0.578337	31.1597	0.396713	0.000615806
39	0.578235	0.580789	0.411063	0.000567958
40	0.577892	69.4194	0.424341	0.000523221
41	0.57811	34.501	0.428743	0.000507978
42	0.578723	20.2402	0.439525	0.00047185
43	0.579468	14.2384	0.445199	0.000452573
44	0.579373	49.56	0.450084	0.00043547
45	0.578792	5.84535	0.452212	0.000427649
46	0.577545	8.29148	0.458559	0.000405718
47	0.577701	0.631211	0.465372	0.000382767
48	0.577814	0.630151	0.473675	0.000354595
49	0.576734	0.628793	0.478545	0.000337754
50	0.577603	15.5409	0.484358	0.00031788
51	0.578274	40.4877	0.490955	0.000295617
52	0.57644	0.629112	0.494844	0.000281677
53	0.576587	0.57882	0.497121	0.000273638
54	0.577211	61.8547	0.501663	0.0002581
55	0.576639	3.13814	0.504218	0.000249293
56	0.576158	0.578871	0.502866	0.000253304
57	0.578777	0.680183	0.505394	0.000244448
58	0.576982	9.51108	0.507071	0.000238391
59	0.577399	0.631884	0.508073	0.000234883
60	0.576263	11.5223	0.510458	0.000226771
61	0.575871	0.629172	0.510601	0.000225653
62	0.575143	0.62932	0.509964	0.000227115
63	0.576332	15.3562	0.510825	0.000224097
64	0.5757	0.631618	0.510813	0.00022383
65	0.575357	15.2162	0.509262	0.000228439
66	0.576199	0.628908	0.510749	0.000223213
67	0.574567	0.629239	0.508997	0.000228491
68	0.575598	0.629581	0.510409	0.00022354
69	0.574867	0.578941	0.508863	0.000228116
70	0.575028	0.602221	0.510391	0.000222774
71	0.575174	0.577482	0.510824	0.000220971
72	0.574598	0.576132	0.510508	0.000221555
73	0.575003	3.10752	0.511282	0.000218621
74	0.573596	0.576108	0.510251	0.000221604
75	0.574745	34.0422	0.51066	0.000219905
76	0.573845	0.600343	0.509995	0.000221654
77	0.572997	0.603573	0.509261	0.000223606
78	0.57481	41.4103	0.509738	0.000221703
79	0.573422	33.6059	0.509083	0.000223383
80	0.573978	5.60965	0.509481	0.000221752
81	0.573941	0.625904	0.509896	0.00022005
82	0.573877	0.626291	0.510499	0.000217743
83	0.573207	0.625449	0.509641	0.000220098
84	0.572581	31.894	0.508809	0.000222378
85	0.571897	46.2023	0.508044	0.000224466
86	0.572312	46.1312	0.506978	0.000227613
87	0.572788	48.0699	0.507608	0.000225104
88	0.572672	52.2237	0.508085	0.000223162
89	0.572533	5.6501	0.508074	0.00022287
90	0.572824	33.6727	0.508094	0.00022247
91	0.573601	53.1219	0.508128	0.000221945
92	0.573602	5.82281	0.508771	0.000219349
93	0.574676	66.9112	0.508932	0.000218425
94	0.57435	33.8363	0.509284	0.00021695
95	0.574032	0.601346	0.510404	0.000213094
96	0.574275	5.78555	0.511055	0.000210744
97	0.573819	3.11242	0.51144	0.000209238
98	0.573885	0.627025	0.511648	0.000208265
99	0.57365	0.575632	0.511921	0.000207037
100	0.573279	34.3708	0.512247	0.000205673
101	0.573203	3.3671	0.512625	0.000204152
102	0.572831	0.602264	0.51288	0.000202994
103	0.572892	0.574818	0.513588	0.000200453
104	0.57288	36.029	0.514134	0.000198392
105	0.571713	5.03286	0.514406	0.000197215
106	0.572656	23.0601	0.514528	0.000196496
107	0.572483	34.2986	0.515439	0.000193305
108	0.571735	55.4959	0.515817	0.000191835
109	0.571742	33.7052	0.515985	0.000190977
110	0.573065	9.52114	0.516485	0.000189127
111	0.57328	22.3639	0.516672	0.00018824
112	0.572958	0.626384	0.516972	0.000187006
113	0.573153	0.625508	0.517934	0.000183724
114	0.5725	0.623854	0.518084	0.000182955
115	0.57339	30.3721	0.518173	0.000182415
116	0.572089	0.600618	0.518425	0.000181365
117	0.572305	0.572882	0.518968	0.000179459
118	0.571819	0.625605	0.519175	0.000178578
119	0.572162	74.7601	0.519344	0.00017777
120	0.572664	3.10087	0.519372	0.000177373
121	0.572444	0.57429	0.519633	0.000176247
122	0.572476	18.4174	0.520027	0.00017472
123	0.571978	0.574718	0.520385	0.000173324
124	0.571923	0.574198	0.520352	0.000173125
125	0.572021	7.21263	0.520594	0.000172151
126	0.57176	0.573561	0.520855	0.000171072
127	0.572146	0.600838	0.521252	0.000169716
128	0.572291	15.7711	0.521562	0.000168506
129	0.57208	0.573983	0.522064	0.000166828
130	0.571854	0.623858	0.522197	0.000166165
131	0.57181	0.5989	0.522183	0.000165956
132	0.572039	64.065	0.522565	0.000164598
133	0.571749	17.9994	0.52291	0.000163293
134	0.57185	0.62399	0.523174	0.000162356
135	0.571969	31.2978	0.523212	0.000161984
136	0.57195	5.69273	0.52377	0.000159982
137	0.572456	63.5751	0.524292	0.000158064
138	0.572001	0.624839	0.524476	0.000157241
139	0.572239	21.2577	0.524568	0.000156743
140	0.572097	22.4464	0.524916	0.000155474
141	0.571767	0.574142	0.525141	0.000154536
142	0.572717	0.625391	0.525338	0.000153655
143	0.57244	5.0792	0.525726	0.000152315
144	0.572298	0.626472	0.526135	0.000150843
145	0.571734	0.624636	0.526564	0.000149384
146	0.57254	23.023	0.52681	0.000148392
147	0.572543	33.7894	0.527197	0.000147131
148	0.572453	54.9353	0.527427	0.000146246
149	0.573086	0.59915	0.527672	0.000145234
