pelvis_tilt.offset                  	-0.045242858	-0.044586422	0.0024966536	
hip_flexion_r.offset                	0.14619232	0.15027383	0.0027370367	
knee_angle_r.offset                 	0.036631866	0.037158672	0.0024180893	
ankle_angle_r.offset                	0.079699871	0.079485829	0.0025834607	
hip_flexion_l.offset                	0.01898822	0.018803048	0.0024886968	
knee_angle_l.offset                 	0.075749308	0.07585595	0.0024583338	
ankle_angle_l.offset                	-0.057371775	-0.054370358	0.0025716608	
leg0_l.stance_load_threshold        	0.17442452	0.1758602	0.0023864242	
leg1_r.stance_load_threshold        	0.18468335	0.1840997	0.0023990029	
S11111.tib_ant_l.KL                 	1.6217593	1.6636993	0.028177386	
S11111.tib_ant_l.L0                 	0.80960333	0.80190362	0.006718531	
S11111.tib_ant_l-soleus_l.KF        	-0.24815365	-0.24725398	0.0082159489	
S11111.tib_ant_r.KL                 	1.8070486	1.8271389	0.027693886	
S11111.tib_ant_r.L0                 	0.75543981	0.75843256	0.006728643	
S11111.tib_ant_r-soleus_r.KF        	-0.25898164	-0.26929991	0.0081181847	
S00111.soleus_l.KF                  	0.91682558	0.93425799	0.015527579	
S00111.gastroc_l.KF                 	1.2712623	1.2742193	0.014637964	
S00111.soleus_r.KF                  	0.95096147	0.95790729	0.015343976	
S00111.gastroc_r.KF                 	1.2714779	1.272393	0.014688496	
S00011.vasti_l.KF                   	0.98109164	0.9978068	0.015059508	
S00011.vasti_l.C0                   	0.04373841	0.04300902	0.0015928986	
S00011.vasti_l-knee_angle.pos_max   	-0.041821499	-0.044517162	0.0041248152	
S00011.hamstrings_l-pelvis_tilt_l.KP	0.77669162	0.76247047	0.043847648	
S00011.hamstrings_l-pelvis_tilt_l.KV	0.47819589	0.47493825	0.0061351892	
S00011.hamstrings_l-pelvis_tilt_l.C0	-0.02437872	-0.02273821	0.0023338502	
S00011.glut_max_l-pelvis_tilt_l.KP  	1.3968258	1.4024499	0.045389663	
S00011.glut_max_l-pelvis_tilt_l.KV  	0.81241104	0.80200788	0.0095868419	
S00011.glut_max_l-pelvis_tilt_l.C0  	-0.029959708	-0.025327669	0.0028846954	
S00011.iliopsoas_l-pelvis_tilt_l.KP 	-1.869719	-1.8711017	0.053440725	
S00011.iliopsoas_l-pelvis_tilt_l.KV 	-0.70813718	-0.7011599	0.0058839914	
S00011.iliopsoas_l-pelvis_tilt_l.C0 	0.19871304	0.19631172	0.0027030797	
S00011.vasti_r.KF                   	1.0292389	1.0433581	0.01471701	
S00011.vasti_r.C0                   	0.037700503	0.037913515	0.0015826764	
S00011.vasti_r-knee_angle.pos_max   	-0.038224929	-0.042725412	0.0041139279	
S00011.hamstrings_r-pelvis_tilt_r.KP	0.99751949	1.0026848	0.043423437	
S00011.hamstrings_r-pelvis_tilt_r.KV	0.52345112	0.51275925	0.0063365863	
S00011.hamstrings_r-pelvis_tilt_r.C0	-0.0090987516	-0.015849868	0.0023472099	
S00011.glut_max_r-pelvis_tilt_r.KP  	0.84299971	0.95561686	0.045492419	
S00011.glut_max_r-pelvis_tilt_r.KV  	0.90699138	0.89471654	0.0096825226	
S00011.glut_max_r-pelvis_tilt_r.C0  	-0.017377744	-0.019877683	0.0028750451	
S00011.iliopsoas_r-pelvis_tilt_r.KP 	-2.7319598	-2.7545872	0.054321313	
S00011.iliopsoas_r-pelvis_tilt_r.KV 	-0.71690774	-0.71747593	0.0058741682	
S00011.iliopsoas_r-pelvis_tilt_r.C0 	0.22288645	0.21851975	0.0027797884	
S00100.iliopsoas_l.C0               	0.52162442	0.51568843	0.0082891292	
S00100.glut_max_l.C0                	-0.26512136	-0.26568666	0.0060108308	
S00100.iliopsoas_r.C0               	0.53501794	0.54733573	0.0084409121	
S00100.glut_max_r.C0                	-0.24536634	-0.25610135	0.0059226621	
S11000.iliopsoas_l.KL               	0.18709927	0.17953366	0.0079981919	
S11000.iliopsoas_l.L0               	0.32975596	0.31594646	0.014623817	
S11000.iliopsoas_l-pelvis_tilt_l.P0 	-0.10357814	-0.104911	0.0025636855	
S11000.iliopsoas_l-pelvis_tilt_l.KP 	1.0411469	1.0200893	0.029046853	
S11000.iliopsoas_l-pelvis_tilt_l.KV 	0.3304085	0.32582821	0.0068473477	
S11000.iliopsoas_l-hamstrings_l.KL  	-0.43518801	-0.3985741	0.072054652	
S11000.iliopsoas_l-hamstrings_l.L0  	0.80169169	0.80273704	0.012368063	
S11000.hamstrings_l.KF              	-0.37650951	-0.41478806	0.016388922	
S11000.glut_max_l.KF                	0.46862583	0.47647342	0.0088813358	
S11000.iliopsoas_r.KL               	0.1824249	0.18462023	0.0078085812	
S11000.iliopsoas_r.L0               	0.20595335	0.24496738	0.014342756	
S11000.iliopsoas_r-pelvis_tilt_r.P0 	-0.14026125	-0.13887873	0.0024598868	
S11000.iliopsoas_r-pelvis_tilt_r.KP 	0.84442658	0.85491855	0.029773854	
S11000.iliopsoas_r-pelvis_tilt_r.KV 	0.27404327	0.26174743	0.0067366576	
S11000.iliopsoas_r-hamstrings_r.KL  	-0.5747672	-0.6095503	0.073096546	
S11000.iliopsoas_r-hamstrings_r.L0  	0.92228179	0.92463955	0.012013546	
S11000.hamstrings_r.KF              	-0.45676747	-0.42078393	0.016649241	
S11000.glut_max_r.KF                	0.44718565	0.45530839	0.0090543098	
