generation	best_fitness	median_fitness	predicted_fitness	fitness_progress
0	96.0781	96.1815	0	0
1	95.9158	96.1238	14.8078	0.00169123
2	95.8733	95.9633	44.6896	0.00106717
3	95.786	95.9304	52.1039	0.000911246
4	95.6889	95.8262	49.5921	0.000962081
5	95.6068	95.7713	51.0039	0.000931305
6	95.5841	95.7008	51.9454	0.000910341
7	95.4806	95.609	54.3987	0.00085807
8	95.341	95.5269	52.6739	0.000892455
9	95.2289	95.4213	50.9161	0.000927469
10	95.2275	95.3362	52.5032	0.000893252
11	95.0719	95.2783	50.7388	0.00092833
12	94.9746	95.1196	50.5945	0.000929909
13	94.8172	94.9839	50.2931	0.000934736
14	94.6363	94.9002	49.4733	0.000950256
15	94.0904	94.6968	48.8023	0.000962655
16	94.0444	94.3842	47.3621	0.000990922
17	93.5136	94.1711	45.8599	0.00102028
18	92.8696	93.954	44.6807	0.00104304
19	88.906	93.4627	42.5379	0.00108555
20	86.1413	91.0441	40.2273	0.00113152
21	85.822	87.5714	37.758	0.00118062
22	85.8894	86.2275	35.7955	0.00121924
23	85.7111	86.1853	27.1051	0.00139615
24	85.6419	86.0374	21.6709	0.00150645
25	85.2721	86.0736	13.6443	0.00167035
26	74.5751	85.6466	7.38599	0.00179804
27	81.0559	85.7221	1.03201	0.00192788
28	79.6235	85.1987	-29.2464	0.00255862
29	77.9861	85.211	-49.3873	0.00298358
30	76.3421	85.0504	-77.6284	0.0035895
31	78.1199	85.3162	-99.0851	0.00405949
32	73.803	84.4123	-123.152	0.00459608
33	50.9853	76.9863	-184.822	0.0059595
34	70.3386	77.2668	-214.872	0.00663512
35	72.76	78.6909	-245.173	0.00733512
36	70.9759	77.1949	-316.887	0.00894556
37	51.725	77.9706	-362.049	0.00998
38	73.1019	77.8273	-358.881	0.00992386
39	74.7337	77.5909	-346.309	0.00966621
40	69.2395	76.4758	-351.375	0.00981534
41	63.3029	80.802	-359.965	0.0100291
42	32.5781	75.4697	-371.328	0.0103314
43	49.2696	80.8591	-383.25	0.0106364
44	47.2763	74.4601	-401.051	0.0110927
45	22.3156	75.4957	-407.912	0.0113009
46	47.5301	74.5207	-418.245	0.0115831
47	17.1745	75.8995	-426.591	0.0118332
48	18.3862	66.1788	-433.541	0.0120453
49	17.158	74.4428	-451.156	0.0125531
50	16.9026	67.5268	-464.266	0.0129676
51	16.3132	54.9337	-473.381	0.0132914
52	17.7895	66.0482	-480.193	0.0135302
53	14.6265	24.2029	-491.685	0.013911
54	12.0921	38.5355	-505.683	0.0144026
55	10.2867	19.8826	-524.394	0.015123
56	9.04032	13.2241	-531.929	0.0155268
57	7.39753	10.4149	-554.331	0.0164566
58	6.03156	8.8564	-572.179	0.0172881
59	0.652781	6.42974	-591.157	0.0180168
60	0.647793	0.706927	-597.437	0.0184323
61	0.631245	0.709257	-603.715	0.0189006
62	0.566103	0.667565	-620.173	0.0195652
63	0.623696	0.685147	-636.234	0.0205078
64	0.626693	0.639275	-667.054	0.0217794
65	0.573202	3.2453	-689.145	0.0227575
66	0.563319	0.650769	-708.942	0.02412
67	0.5677	10.0676	-744.001	0.0263803
68	0.566406	0.626812	-760.663	0.0275414
69	0.561077	0.619634	-771.343	0.0285192
70	0.559993	0.61757	-780.272	0.0289684
71	0.556032	0.57102	-782.777	0.0293901
72	0.553396	0.569494	-800.653	0.0303348
73	0.552708	0.620955	-819.172	0.0311701
74	0.552598	0.559159	-819.228	0.0314015
75	0.554558	0.560261	-813.322	0.0315388
76	0.552839	0.611283	-808.155	0.0313968
77	0.553224	44.354	-812.781	0.03194
78	0.554612	56.1909	-808.835	0.0321167
79	0.555148	0.56202	-811.768	0.0323352
80	0.556222	0.567232	-803.981	0.032413
81	0.560062	0.563797	-801.051	0.0323754
82	0.559674	39.3779	-794.877	0.0324099
83	0.553351	0.563425	-789.418	0.0323674
84	0.552704	37.3942	-784.962	0.0324049
85	0.553142	66.296	-781.179	0.032511
86	0.553892	20.4037	-780.02	0.0324636
87	0.554213	49.4677	-770.534	0.0325171
88	0.552328	26.786	-760.234	0.0323898
89	0.551555	3.15113	-755.845	0.0324431
90	0.552371	3.25457	-748.68	0.0323842
91	0.551588	0.587897	-741.225	0.0323959
92	0.552292	0.561247	-734.521	0.0323755
93	0.550641	0.559799	-725.21	0.0324422
94	0.552059	0.607178	-715.339	0.0322527
95	0.547374	0.559201	-704.536	0.0320129
96	0.552564	6.25574	-682.654	0.0313282
97	0.551692	7.85972	-664.919	0.0306153
98	0.550262	0.562389	-652.338	0.0303415
99	0.553545	0.586112	-644.279	0.0299178
100	0.551129	0.559203	-636.481	0.0295388
101	0.554137	3.51466	-629.362	0.0296546
102	0.551722	0.56073	-621.979	0.029447
103	0.553144	0.645417	-615.041	0.0292956
104	0.55171	0.572589	-608.686	0.0294369
105	0.549432	0.593526	-601.321	0.0290805
106	0.554906	0.611252	-594.126	0.0287297
107	0.549811	0.586424	-587.841	0.0286719
108	0.552907	0.606199	-581.667	0.0285782
109	0.552628	0.5591	-574.426	0.0282162
110	0.550324	32.394	-568.311	0.0279091
111	0.551494	0.560958	-560.118	0.0276836
112	0.55048	0.611531	-550.891	0.0272441
113	0.550507	0.557395	-545.211	0.0271263
114	0.547147	0.559178	-539.666	0.0270041
115	0.551565	54.5534	-534.205	0.026743
116	0.550833	0.560215	-528.901	0.0265111
117	0.549453	0.557075	-523.932	0.0264105
118	0.549583	0.56388	-360.715	0.0220824
119	0.54794	47.1031	-32.0551	0.0149423
120	0.546477	0.556691	-20.789	0.0140123
121	0.547672	0.550535	-13.7288	0.0128662
122	0.545649	0.550817	-9.53491	0.011667
123	0.545642	0.556957	-6.9493	0.0105073
124	0.546177	0.576469	-6.74509	0.010387
125	0.545537	15.7787	-6.29349	0.0101277
126	0.545113	21.7068	-5.59127	0.00967943
127	0.548801	45.1762	-4.8532	0.0091334
128	0.545347	3.12387	-4.563	0.0088938
129	0.548157	0.579032	-4.1799	0.00855479
130	0.547628	0.550647	-2.37259	0.00652803
131	0.547776	0.551858	-1.18326	0.00457887
132	0.546451	0.552758	-1.07055	0.00435453
133	0.546674	14.4181	-0.964061	0.00413472
134	0.547528	0.579855	-0.900442	0.00399896
135	0.545261	0.55023	-0.872241	0.00393078
136	0.546833	0.550687	-0.805986	0.00378058
137	0.545325	0.549706	-0.761882	0.003684
138	0.544641	65.0791	-0.727987	0.00360825
139	0.546301	0.549485	-0.574086	0.00325022
140	0.545288	0.549365	-0.419663	0.00287421
141	0.545491	0.549699	-0.262792	0.00247407
142	0.54428	0.548247	-0.150608	0.00217246
143	0.543928	63.8876	-0.0396637	0.00186378
144	0.545509	71.2888	0.0740698	0.00153565
145	0.547232	63.7293	0.117096	0.0014067
146	0.545123	22.0038	0.143502	0.00132586
147	0.543254	61.53	0.19637	0.00116334
148	0.546746	28.7075	0.225946	0.00107065
149	0.544252	0.549351	0.238361	0.00103109
