pelvis_tilt.offset                  	-0.072361869	-0.070713845	0.0017614545	
hip_flexion_r.offset                	0.12854261	0.12638293	0.0019641717	
knee_angle_r.offset                 	0.046037953	0.045610241	0.0017178949	
ankle_angle_r.offset                	0.069565299	0.06969205	0.0018398035	
hip_flexion_l.offset                	0.012489303	0.01247835	0.0017309968	
knee_angle_l.offset                 	0.049269809	0.046554732	0.0018350161	
ankle_angle_l.offset                	-0.0051975011	-0.0047139833	0.0018102775	
leg0_l.stance_load_threshold        	0.17542431	0.17369056	0.0017290037	
leg1_r.stance_load_threshold        	0.19620966	0.19512673	0.0017280952	
S11111.tib_ant_l.KL                 	1.5968364	1.5890182	0.020105503	
S11111.tib_ant_l.L0                 	0.76442767	0.76742876	0.0047719768	
S11111.tib_ant_l-soleus_l.KF        	-0.38230942	-0.37045792	0.0059583939	
S11111.tib_ant_r.KL                 	1.570645	1.5660702	0.020430796	
S11111.tib_ant_r.L0                 	0.79216089	0.78682135	0.0049106277	
S11111.tib_ant_r-soleus_r.KF        	-0.28617285	-0.29381782	0.0058078906	
S00111.soleus_l.KF                  	1.0648529	1.0610717	0.011368067	
S00111.gastroc_l.KF                 	1.360748	1.3554068	0.010578699	
S00111.soleus_r.KF                  	0.99042742	0.99665222	0.011086714	
S00111.gastroc_r.KF                 	1.3172004	1.3189081	0.010566529	
S00011.vasti_l.KF                   	1.0042057	1.0069397	0.010400812	
S00011.vasti_l.C0                   	0.037289065	0.036062391	0.0011351948	
S00011.vasti_l-knee_angle.pos_max   	-0.05777542	-0.048105036	0.0029725521	
S00011.hamstrings_l-pelvis_tilt_l.KP	0.62451081	0.64816632	0.032270164	
S00011.hamstrings_l-pelvis_tilt_l.KV	0.45341688	0.45822838	0.0044174561	
S00011.hamstrings_l-pelvis_tilt_l.C0	0.0029692175	0.0036870554	0.0016543272	
S00011.glut_max_l-pelvis_tilt_l.KP  	0.60774482	0.67570175	0.033363729	
S00011.glut_max_l-pelvis_tilt_l.KV  	0.83922481	0.84975101	0.0070050335	
S00011.glut_max_l-pelvis_tilt_l.C0  	-0.011571055	-0.007951747	0.0020467891	
S00011.iliopsoas_l-pelvis_tilt_l.KP 	-1.7600396	-1.7912094	0.038832023	
S00011.iliopsoas_l-pelvis_tilt_l.KV 	-0.76094379	-0.7591933	0.0042764771	
S00011.iliopsoas_l-pelvis_tilt_l.C0 	0.18346797	0.18532044	0.001973668	
S00011.vasti_r.KF                   	0.96371835	0.95620419	0.01098427	
S00011.vasti_r.C0                   	0.051909874	0.053765971	0.001174116	
S00011.vasti_r-knee_angle.pos_max   	-0.1056367	-0.10790817	0.0030574484	
S00011.hamstrings_r-pelvis_tilt_r.KP	1.6330661	1.6128539	0.032714797	
S00011.hamstrings_r-pelvis_tilt_r.KV	0.53232011	0.53326148	0.004454431	
S00011.hamstrings_r-pelvis_tilt_r.C0	-0.00058878503	-0.0016235531	0.0017309609	
S00011.glut_max_r-pelvis_tilt_r.KP  	0.9486278	0.99821108	0.032452865	
S00011.glut_max_r-pelvis_tilt_r.KV  	0.78788252	0.78735757	0.0069306066	
S00011.glut_max_r-pelvis_tilt_r.C0  	-0.0061325362	-0.0061914688	0.0020529429	
S00011.iliopsoas_r-pelvis_tilt_r.KP 	-2.0412476	-2.1005617	0.039321893	
S00011.iliopsoas_r-pelvis_tilt_r.KV 	-0.69472032	-0.69274941	0.0042839507	
S00011.iliopsoas_r-pelvis_tilt_r.C0 	0.23473757	0.2342409	0.0020758125	
S00100.iliopsoas_l.C0               	0.50971734	0.51098939	0.0059718019	
S00100.glut_max_l.C0                	-0.29843691	-0.29255491	0.0043246337	
S00100.iliopsoas_r.C0               	0.52283008	0.52863489	0.0059365438	
S00100.glut_max_r.C0                	-0.30379428	-0.30519614	0.004310472	
S11000.iliopsoas_l.KL               	0.15284583	0.14832703	0.0055709871	
S11000.iliopsoas_l.L0               	0.082364564	0.092768766	0.010283206	
S11000.iliopsoas_l-pelvis_tilt_l.P0 	-0.13385704	-0.13015301	0.0017869042	
S11000.iliopsoas_l-pelvis_tilt_l.KP 	0.72608627	0.74110405	0.021082587	
S11000.iliopsoas_l-pelvis_tilt_l.KV 	0.27612276	0.27759892	0.004922164	
S11000.iliopsoas_l-hamstrings_l.KL  	-0.47621898	-0.54671046	0.052032385	
S11000.iliopsoas_l-hamstrings_l.L0  	0.87874775	0.88646901	0.0088957843	
S11000.hamstrings_l.KF              	-0.25074404	-0.2533537	0.012221299	
S11000.glut_max_l.KF                	0.4346861	0.44484707	0.0064870737	
S11000.iliopsoas_r.KL               	0.17141798	0.16526635	0.0054977618	
S11000.iliopsoas_r.L0               	0.12656486	0.10397811	0.010134258	
S11000.iliopsoas_r-pelvis_tilt_r.P0 	-0.11597134	-0.11924256	0.0018094147	
S11000.iliopsoas_r-pelvis_tilt_r.KP 	0.90224756	0.9311921	0.020704909	
S11000.iliopsoas_r-pelvis_tilt_r.KV 	0.33672431	0.33566291	0.0050050757	
S11000.iliopsoas_r-hamstrings_r.KL  	-0.68834981	-0.65020949	0.051583369	
S11000.iliopsoas_r-hamstrings_r.L0  	1.0003021	0.99191452	0.0085290726	
S11000.hamstrings_r.KF              	-0.38405167	-0.38955391	0.012072377	
S11000.glut_max_r.KF                	0.3958114	0.39804207	0.0066031414	
