generation	best_fitness	median_fitness	predicted_fitness	fitness_progress
0	0.662811	12.6212	0	0
1	0.661489	3.63374	0.000473917	0.00199857
2	0.661084	3.17474	0.229129	0.00130596
3	0.667584	40.6799	0.458242	0.000613398
4	0.669873	61.1578	1.66685	-0.00299219
5	0.663859	0.672977	1.045	-0.00114279
6	0.662224	5.9216	0.849055	-0.000557288
7	0.665487	35.6485	0.980078	-0.000948627
8	0.661845	0.669891	0.739892	-0.000228689
9	0.662686	0.669986	0.634519	8.4433e-05
10	0.662659	3.23129	0.652184	3.16121e-05
11	0.658673	0.67132	0.590143	0.000216725
12	0.658112	6.33108	0.444951	0.000649587
13	0.657586	6.16179	0.322314	0.00101417
14	0.657907	34.2701	0.325918	0.00100258
15	0.659319	11.8997	0.327817	0.000995458
16	0.660245	3.2301	0.403464	0.000768791
17	0.657254	0.665458	0.393786	0.000796479
18	0.65133	0.661626	0.354337	0.00091227
19	0.648899	5.78002	0.323627	0.00100207
20	0.6582	21.4327	0.353131	0.000913103
21	0.651097	3.3994	0.322304	0.00100307
22	0.646831	6.81598	0.289926	0.00109727
23	0.648733	0.654749	0.267554	0.00116174
24	0.651946	29.2168	0.288479	0.00109848
25	0.648999	6.42109	0.29291	0.00108352
26	0.655997	20.5583	0.302734	0.00105346
27	0.646239	6.40036	0.291484	0.00108469
28	0.654453	25.4098	0.301347	0.00105457
29	0.649071	6.0037	0.311627	0.00102292
30	0.650023	0.658797	0.334851	0.000953251
31	0.650532	0.660862	0.357732	0.000883966
32	0.648352	0.656885	0.365585	0.000859606
33	0.648327	0.654392	0.370593	0.000843918
34	0.648317	9.90642	0.378033	0.000820659
35	0.649231	8.53952	0.380582	0.000812206
36	0.6514	27.1958	0.384011	0.000801099
37	0.647628	5.74059	0.388531	0.000786456
38	0.65172	5.74062	0.394888	0.000766676
39	0.648759	6.07358	0.401087	0.000747411
40	0.652903	30.8801	0.40752	0.000727863
41	0.654775	37.0634	0.417162	0.000698339
42	0.647947	18.1786	0.418557	0.000693238
43	0.648579	38.7084	0.422701	0.000680306
44	0.646907	6.50871	0.439851	0.000628699
45	0.649906	5.85311	0.449133	0.000601361
46	0.648659	37.0103	0.455632	0.000581858
47	0.649211	27.866	0.462792	0.000559532
48	0.649078	0.660263	0.469853	0.000538249
49	0.647482	0.657824	0.478132	0.000513845
50	0.645624	51.1781	0.480289	0.000506619
51	0.648373	24.7375	0.484506	0.000493755
52	0.648686	7.2727	0.501735	0.000443394
53	0.648658	6.17704	0.505631	0.000431501
54	0.64451	6.00938	0.503166	0.000437831
55	0.643128	5.78959	0.502411	0.000439193
56	0.643317	50.0439	0.498779	0.000448818
57	0.644631	5.88082	0.498184	0.00044971
58	0.648659	3.4332	0.500847	0.000441482
59	0.645656	20.5343	0.502067	0.00043729
60	0.644477	0.649877	0.501248	0.000438835
61	0.646529	0.651576	0.505358	0.000426427
62	0.645732	3.16667	0.513913	0.000401499
63	0.645697	47.1083	0.515608	0.000396269
64	0.65026	15.0349	0.517337	0.000390675
65	0.646077	0.659538	0.517544	0.000389535
66	0.644086	30.9211	0.519192	0.000384159
67	0.647387	9.00191	0.522084	0.000375036
68	0.641826	0.651172	0.51869	0.000384307
69	0.64436	31.7249	0.521595	0.000375176
70	0.640384	18.4431	0.518189	0.000384455
71	0.59006	12.5575	0.513359	0.000397405
72	0.589757	6.02932	0.511602	0.00040169
73	0.644262	65.8614	0.512841	0.000397563
74	0.645168	60.4082	0.517186	0.000384751
75	0.644364	88.8389	0.517694	0.000382674
76	0.640595	61.3867	0.516906	0.000384257
77	0.643163	33.4558	0.519637	0.00037574
78	0.592027	70.5021	0.516405	0.000384405
79	0.591659	78.4888	0.511286	0.000398038
80	0.592005	66.5446	0.507498	0.000408223
81	0.641643	68.2852	0.510768	0.000398196
82	0.593235	66.3538	0.506967	0.000408389
83	0.596027	14.9732	0.50521	0.000412376
84	0.594785	48.3896	0.502593	0.00041892
85	0.591692	40.9886	0.499719	0.000425987
86	0.594961	64.2052	0.496255	0.000434637
87	0.593788	17.9099	0.494096	0.00043991
88	0.592079	63.4886	0.492501	0.000443576
89	0.595252	67.5447	0.491612	0.000445331
90	0.595786	85.9827	0.490016	0.0004489
91	0.59795	8.51858	0.487402	0.000455449
92	0.594245	3.21984	0.485891	0.000458851
93	0.64852	52.0832	0.486811	0.000455657
94	0.643516	40.3764	0.488851	0.000449303
95	0.596333	41.4075	0.486221	0.000455865
96	0.650058	20.6582	0.488269	0.000449505
97	0.603186	5.91452	0.48563	0.000456072
98	0.649897	5.90416	0.487687	0.000449708
99	0.600692	3.16214	0.48504	0.000456281
100	0.601013	56.7145	0.483512	0.000459694
101	0.605605	16.8993	0.481509	0.000464171
102	0.601844	27.6818	0.478808	0.000470771
103	0.600429	35.6703	0.476662	0.000475727
104	0.597437	16.7106	0.473557	0.000483444
105	0.596961	3.28165	0.467501	0.000499043
106	0.615633	0.654548	0.462705	0.000510891
107	0.603797	45.5987	0.459796	0.000518064
108	0.600469	57.3318	0.456319	0.000526715
109	0.649677	26.1671	0.459129	0.000518332
110	0.601016	20.918	0.455641	0.000526993
111	0.65332	0.65976	0.458461	0.000518601
112	0.651062	0.657618	0.460729	0.000511676
113	0.597907	4.61856	0.457793	0.00051887
114	0.600261	19.0392	0.454284	0.000527549
115	0.601602	0.658791	0.451783	0.000533364
116	0.602487	25.1084	0.445909	0.000548283
117	0.652288	3.72887	0.451098	0.000533649
118	0.646451	0.656762	0.452927	0.000528106
119	0.595729	30.488	0.450412	0.000533934
120	0.646373	37.5876	0.452248	0.000528385
121	0.595582	49.1392	0.449727	0.000534219
122	0.596559	0.64954	0.443796	0.000549186
123	0.594317	20.754	0.435561	0.0005703
124	0.595026	3.28472	0.42599	0.000595274
125	0.596691	26.1697	0.416363	0.000620198
126	0.596892	20.7263	0.413491	0.000626749
127	0.594912	7.34993	0.405657	0.000646137
128	0.597302	52.995	0.403063	0.0006517
129	0.596987	58.5949	0.395498	0.000670959
