generation	best_fitness	median_fitness	predicted_fitness	fitness_progress
0	96.0371	96.2049	0	0
1	95.964	96.0954	59.4306	0.000761397
2	95.8872	96.0025	58.4116	0.000781355
3	95.8595	95.9411	59.2845	0.000761977
4	95.7875	95.8511	64.5938	0.000650675
5	95.68	95.8006	60.6745	0.000730724
6	95.6259	95.7266	61.59	0.000710591
7	95.5883	95.6652	61.7521	0.000706089
8	95.4616	95.6139	60.8293	0.000724016
9	95.4567	95.5177	61.6169	0.000706588
10	95.3447	95.5155	60.9066	0.000720098
11	95.2756	95.4011	60.7082	0.000723012
12	95.108	95.2506	60.3849	0.000728551
13	94.8979	95.122	60.0364	0.000734542
14	94.7062	95.0372	59.2736	0.000748946
15	94.5526	94.8327	58.3114	0.000767573
16	94.4648	94.6867	57.8173	0.000776513
17	94.2681	94.3932	55.719	0.000818243
18	93.8068	94.2141	54.7852	0.000836131
19	93.4473	94.0361	53.543	0.000860265
20	92.235	93.7106	45.9031	0.00101569
21	89.5075	93.2989	37.8624	0.00117936
22	86.7915	91.3811	30.4279	0.001331
23	85.4416	87.5718	20.5527	0.00153231
24	85.5448	88.0986	17.3102	0.00159744
25	84.7338	86.6049	15.8287	0.00162598
26	84.4918	85.6657	14.3855	0.00165373
27	84.041	85.0007	12.6734	0.00168719
28	83.7798	84.3983	4.50306	0.00185415
29	83.5309	84.0873	-0.226852	0.00195023
30	82.8517	83.8704	-4.29523	0.00203283
31	82.7078	83.8701	-5.30424	0.00205199
32	81.0732	83.3744	-10.4191	0.00215685
33	81.6184	82.5333	-15.519	0.00226175
34	80.9483	82.2033	-65.3218	0.00331893
35	80.8302	81.8548	-95.3095	0.00397066
36	79.8804	81.8335	-122.892	0.00458575
37	78.9301	82.6775	-150.634	0.00522154
38	78.4663	80.4411	-183.341	0.005922
39	45.0255	80.1009	-190.54	0.00607884
40	54.1503	79.3609	-197.674	0.00624102
41	10.9156	79.8088	-206.033	0.00642471
42	9.01034	78.8185	-211.767	0.00655812
43	10.1389	78.7984	-222.481	0.00680079
44	9.27371	77.6091	-228.553	0.00694873
45	8.87812	58.1545	-235.773	0.00712407
46	7.54691	67.0085	-238.413	0.00719771
47	8.23463	73.4033	-241.659	0.00728551
48	8.59917	60.8939	-250.159	0.00749804
49	8.33328	36.1901	-257.603	0.00768731
50	9.0067	10.5503	-264.139	0.00786299
51	8.06556	10.0399	-271.331	0.00804738
52	6.73328	10.8568	-282.75	0.0083323
53	6.49292	24.9685	-293.802	0.00861584
54	6.25742	19.6521	-308.577	0.00901635
55	0.701949	72.4172	-323.565	0.00942609
56	6.5368	77.0082	-332.535	0.00969316
57	0.696927	23.7032	-342.113	0.0100117
58	0.68771	62.7519	-359.656	0.0105654
59	0.696215	39.7392	-369.186	0.0109173
60	0.685438	60.4698	-388.53	0.0115774
61	8.46594	65.8085	-408.915	0.0122978
62	6.59021	20.5112	-436.382	0.0132932
63	0.706581	19.7052	-467.453	0.0144942
64	7.59072	37.52	-494.701	0.0156521
65	7.27003	28.7911	-542.001	0.0177213
66	0.691529	15.0773	-593.314	0.0199089
67	0.688602	27.9223	-670.577	0.0240412
68	0.690225	26.7983	-756.577	0.0289334
69	5.7365	29.017	-736.155	0.028289
70	5.69805	46.1416	-698.17	0.0265975
71	6.1871	44.171	-701.152	0.0266928
72	0.698771	18.443	-739.905	0.0284565
73	0.690144	30.7137	-743.859	0.0286895
74	0.689327	31.2682	-744.036	0.028685
75	0.688387	28.0107	-753.785	0.0293437
76	0.687232	39.7186	-753.706	0.0294405
77	0.676025	44.5794	-834.657	0.0335398
78	0.683786	8.18631	-827.673	0.0333703
79	0.678774	29.021	-818.98	0.0334737
80	0.685521	50.73	-810.571	0.0329527
81	0.689295	50.2972	-804.331	0.0325021
82	0.686159	12.5356	-762.31	0.0312887
83	0.686414	6.62556	-739.532	0.0310585
84	0.684345	7.77328	-718.209	0.0304122
85	0.692244	6.8662	-691.58	0.0299274
86	0.692909	8.76994	-662.536	0.0287217
87	0.681824	6.50842	-646.254	0.02826
88	0.695813	36.4073	-612.868	0.0269763
89	0.689404	30.3302	-595.894	0.0263143
90	0.692	46.422	-569.735	0.0252481
91	0.688681	52.8639	-516.805	0.0248902
92	0.699308	39.4719	-470.515	0.0245116
93	0.689382	15.729	-449.446	0.0242286
94	0.687522	47.0259	-410.719	0.0241804
95	0.684489	32.0625	-391.818	0.0241582
96	0.692431	59.874	-345.327	0.0240905
97	0.684273	7.43133	-319.59	0.0240417
98	0.692378	14.8592	-292.358	0.0239811
99	0.696349	6.82801	-280.266	0.0239524
100	0.693697	6.60948	-271.865	0.0239314
101	0.69029	7.15642	-260.479	0.0238927
102	0.690236	5.81985	-248.547	0.0238488
103	0.677501	7.41324	-237.097	0.0238148
104	0.67797	5.75121	-227.312	0.023784
105	0.673446	46.7839	-220.057	0.0237556
106	0.673676	36.0386	-213.723	0.0237294
107	0.679553	6.16726	-204.244	0.0236879
108	0.671638	35.7263	-200.576	0.0236716
109	0.677443	19.3936	-194.952	0.0236367
110	0.679728	13.8978	-193.196	0.0236208
111	0.672527	6.35048	-187.33	0.023594
112	0.676812	33.9366	-168.223	0.0234817
113	0.673321	34.8051	-158.589	0.023404
114	0.672276	68.7283	-157.702	0.0233888
115	0.668843	37.56	-156.815	0.0233771
116	0.663897	18.5354	-153.684	0.023347
117	0.671034	34.202	-151.204	0.0233275
118	0.670039	56.4142	-149.607	0.023315
119	0.672672	32.2374	-147.703	0.0233003
120	0.658155	3.26483	-141.766	0.0232478
121	0.66784	53.0343	-138.226	0.0232119
122	0.661428	6.06371	-133.9	0.023166
123	0.67252	47.2495	-131.782	0.023155
124	0.667258	39.6436	-127.637	0.0231209
125	0.667994	15.891	-123.626	0.0230716
126	0.66999	7.73719	-69.3717	0.0190677
127	0.667356	26.483	-6.597	0.00921133
128	0.663656	0.677465	-4.12471	0.00756026
129	0.66887	19.2321	-2.42228	0.00586209
130	0.665039	3.23333	-2.05542	0.00540467
131	0.6709	48.561	-1.71784	0.00492783
132	0.67027	6.5847	-1.40888	0.00445581
133	0.66531	0.685302	-1.34248	0.00435507
134	0.666026	32.4851	-1.15921	0.00406053
135	0.667653	28.1188	-0.951846	0.0036955
136	0.667664	6.06399	-0.77883	0.00337608
137	0.666623	7.20064	-0.489325	0.00282086
138	0.665252	44.0757	-0.425167	0.00268938
139	0.666222	11.231	-0.381807	0.00259827
140	0.662597	13.5947	-0.347325	0.00252481
141	0.666506	14.5811	-0.256044	0.00232959
142	0.659467	3.30192	-0.22417	0.00225896
143	0.664818	71.9543	-0.190843	0.00218383
144	0.657654	13.3711	-0.141063	0.00207161
145	0.662702	40.4846	-0.0772064	0.00192608
146	0.663652	20.2862	-0.0315777	0.00181994
147	0.666951	9.05328	-0.018196	0.0017875
148	0.661038	6.25489	-0.00913757	0.00176495
149	0.663438	6.30692	0.0183391	0.00169927
