pelvis_tilt.offset                  	-0.073507182	-0.072864385	0.00038518498	
hip_flexion_r.offset                	0.12168574	0.12168201	0.00040167951	
knee_angle_r.offset                 	0.053904857	0.053216045	0.00037468501	
ankle_angle_r.offset                	0.068799415	0.068636603	0.00039220157	
hip_flexion_l.offset                	0.016479139	0.016413062	0.00036778325	
knee_angle_l.offset                 	0.045238559	0.045411402	0.00039641195	
ankle_angle_l.offset                	-0.0046351316	-0.004771341	0.00039634457	
leg0_l.stance_load_threshold        	0.16351226	0.16310984	0.00037522719	
leg1_r.stance_load_threshold        	0.19506354	0.19581126	0.00037170952	
S11111.tib_ant_l.KL                 	1.5854827	1.5856002	0.0043761226	
S11111.tib_ant_l.L0                 	0.80548	0.80535563	0.0010223736	
S11111.tib_ant_l-soleus_l.KF        	-0.35264653	-0.35273283	0.0012851752	
S11111.tib_ant_r.KL                 	1.6040196	1.6125352	0.0043156308	
S11111.tib_ant_r.L0                 	0.75559796	0.75652568	0.0010936611	
S11111.tib_ant_r-soleus_r.KF        	-0.2954006	-0.29626587	0.0012412363	
S00111.soleus_l.KF                  	1.0983836	1.0971426	0.002377915	
S00111.gastroc_l.KF                 	1.315522	1.3180176	0.0022519712	
S00111.soleus_r.KF                  	1.0567246	1.0578972	0.0023402019	
S00111.gastroc_r.KF                 	1.2529307	1.2530493	0.0022631551	
S00011.vasti_l.KF                   	1.0675683	1.0677004	0.002190523	
S00011.vasti_l.C0                   	0.026806479	0.026970906	0.00024042433	
S00011.vasti_l-knee_angle.pos_max   	-0.058027858	-0.058163447	0.00062754177	
S00011.hamstrings_l-pelvis_tilt_l.KP	0.66502427	0.66494945	0.0066259695	
S00011.hamstrings_l-pelvis_tilt_l.KV	0.43170359	0.4308167	0.00092758621	
S00011.hamstrings_l-pelvis_tilt_l.C0	-0.0069380033	-0.0069978118	0.00034673107	
S00011.glut_max_l-pelvis_tilt_l.KP  	0.52151816	0.51398989	0.0070252463	
S00011.glut_max_l-pelvis_tilt_l.KV  	0.85938351	0.85744483	0.0015163456	
S00011.glut_max_l-pelvis_tilt_l.C0  	-0.0045002837	-0.0042385648	0.000437394	
S00011.iliopsoas_l-pelvis_tilt_l.KP 	-1.6201833	-1.6180184	0.0083221684	
S00011.iliopsoas_l-pelvis_tilt_l.KV 	-0.76937667	-0.76874029	0.00093253051	
S00011.iliopsoas_l-pelvis_tilt_l.C0 	0.19109589	0.19215662	0.00042797414	
S00011.vasti_r.KF                   	0.99162059	0.98870334	0.0024742279	
S00011.vasti_r.C0                   	0.061755335	0.061474075	0.00027127602	
S00011.vasti_r-knee_angle.pos_max   	-0.1006474	-0.10057626	0.00065282235	
S00011.hamstrings_r-pelvis_tilt_r.KP	1.3267219	1.3395813	0.0071480206	
S00011.hamstrings_r-pelvis_tilt_r.KV	0.55984646	0.55848063	0.00096803164	
S00011.hamstrings_r-pelvis_tilt_r.C0	-0.0013398141	-0.00093064518	0.00037700997	
S00011.glut_max_r-pelvis_tilt_r.KP  	1.0321133	1.0408833	0.0068881234	
S00011.glut_max_r-pelvis_tilt_r.KV  	0.79649053	0.79376465	0.0015077013	
S00011.glut_max_r-pelvis_tilt_r.C0  	-0.014441548	-0.015239256	0.00044999246	
S00011.iliopsoas_r-pelvis_tilt_r.KP 	-1.9953854	-1.9931162	0.0085635919	
S00011.iliopsoas_r-pelvis_tilt_r.KV 	-0.68315641	-0.6833299	0.00089856109	
S00011.iliopsoas_r-pelvis_tilt_r.C0 	0.23398762	0.23393614	0.00044548247	
S00100.iliopsoas_l.C0               	0.52466777	0.52454104	0.0013054089	
S00100.glut_max_l.C0                	-0.2901165	-0.28973172	0.00092442367	
S00100.iliopsoas_r.C0               	0.54990039	0.54958783	0.0012953619	
S00100.glut_max_r.C0                	-0.32720349	-0.32719557	0.00094517812	
S11000.iliopsoas_l.KL               	0.13575603	0.13658371	0.0011854165	
S11000.iliopsoas_l.L0               	0.12519304	0.12408471	0.0022606085	
S11000.iliopsoas_l-pelvis_tilt_l.P0 	-0.1224754	-0.122576	0.00038520843	
S11000.iliopsoas_l-pelvis_tilt_l.KP 	0.86401755	0.87267636	0.0046284348	
S11000.iliopsoas_l-pelvis_tilt_l.KV 	0.23691503	0.23716903	0.0010897525	
S11000.iliopsoas_l-hamstrings_l.KL  	-0.83208904	-0.84531823	0.010941301	
S11000.iliopsoas_l-hamstrings_l.L0  	0.93482412	0.93632871	0.0019429358	
S11000.hamstrings_l.KF              	-0.085201906	-0.083238486	0.002772685	
S11000.glut_max_l.KF                	0.4386718	0.44118087	0.0013720335	
S11000.iliopsoas_r.KL               	0.14967616	0.14774312	0.0011649507	
S11000.iliopsoas_r.L0               	0.14214517	0.14187488	0.0022190232	
S11000.iliopsoas_r-pelvis_tilt_r.P0 	-0.10674188	-0.10644298	0.00039522703	
S11000.iliopsoas_r-pelvis_tilt_r.KP 	0.91116403	0.9109137	0.0043018453	
S11000.iliopsoas_r-pelvis_tilt_r.KV 	0.34418479	0.34531881	0.0010742579	
S11000.iliopsoas_r-hamstrings_r.KL  	-0.50198647	-0.49299935	0.010889076	
S11000.iliopsoas_r-hamstrings_r.L0  	0.9866122	0.98791536	0.0018546666	
S11000.hamstrings_r.KF              	-0.3438544	-0.34294354	0.0026726761	
S11000.glut_max_r.KF                	0.39805435	0.39757183	0.0014412032	
