generation	best_fitness	median_fitness	predicted_fitness	fitness_progress
0	10.5192	11.8614	0	0
1	10.7053	11.3223	103.746	-0.0173823
2	10.2442	11.0775	-58.4952	0.0133307
3	10.1295	11.0618	-56.7183	0.0130328
4	10.1798	29.0156	-51.1204	0.0119745
5	10.5556	17.6624	-39.8368	0.00973431
6	10.1583	11.2799	-16.1211	0.00510791
7	10.1659	11.1865	0.874117	0.00181794
8	9.92842	23.7714	-10.3308	0.00399383
9	10.3066	11.3463	-3.32396	0.00263056
10	10.4125	17.0139	2.0543	0.00158256
11	10.1611	11.6452	5.15715	0.000979756
12	9.73546	11.095	-0.383579	0.00205281
13	10.2358	44.3659	5.13715	0.000980717
14	9.9626	11.4325	-0.42536	0.00205703
15	10.3232	16.7413	4.75162	0.00105235
16	10.0638	11.3248	2.89172	0.00141025
17	10.0151	11.437	0.701125	0.00183292
18	10.4169	17.4026	2.86303	0.00141224
19	10.4851	14.1933	5.41718	0.000918148
20	10.2837	10.9524	7.94576	0.000434739
21	10.1353	11.207	8.8291	0.000262049
22	10.2515	21.2592	8.86864	0.000258861
23	9.9927	10.9782	8.42129	0.000339358
24	10.1845	17.2173	8.86188	0.000258965
25	10.021	11.4336	8.81795	0.000262198
26	9.98087	11.2002	7.61751	0.000490105
27	10.2961	11.2408	8.81261	0.000262267
28	9.77124	10.5049	7.56291	0.000498975
29	9.77149	10.9108	5.72981	0.000845072
30	9.63036	10.7559	5.05647	0.000971954
31	10.2331	37.98	5.71269	0.000845787
32	10.0999	10.912	5.43809	0.000896707
33	10.0716	10.8016	5.9372	0.000803799
34	10.0328	17.1947	5.93975	0.000804654
35	10.1107	11.2625	6.20372	0.000752803
36	9.99204	10.821	5.84839	0.000819612
37	9.97835	10.9294	5.50834	0.000882704
38	9.75692	10.951	5.03902	0.000971239
39	9.98188	12.2729	5.11886	0.000954681
40	10.0518	14.0173	5.52661	0.000875755
41	10.0519	10.7211	5.98733	0.000786475
42	9.79748	10.9397	5.50885	0.000876522
43	10.1982	30.5234	5.9714	0.000787094
44	9.81704	10.8558	5.49109	0.000877291
45	9.81298	10.6009	5.07111	0.000955451
46	9.84142	16.9811	5.33673	0.000903219
47	9.5901	23.411	4.99089	0.000967747
48	10.2233	11.0022	5.31847	0.000904036
49	10.0274	11.0319	5.48499	0.000871437
50	10.3146	10.9213	5.7397	0.000822445
51	9.96843	10.8945	5.83261	0.000803809
52	9.91179	10.6573	6.12447	0.000747822
53	9.90434	10.5848	6.23902	0.000725329
54	9.45692	10.7368	5.83408	0.000800351
55	9.84074	27.0558	5.78734	0.000807525
56	9.60401	18.0405	5.45381	0.000869307
57	9.35506	17.5928	5.21632	0.00091265
58	9.55511	34.8694	5.08391	0.00093549
59	9.39232	27.8119	4.86331	0.000975498
60	9.36889	11.4714	4.67336	0.00100987
61	9.55813	30.6456	4.41776	0.00105621
62	9.59365	30.749	4.22606	0.00109003
63	9.64698	23.9279	4.10533	0.0011105
64	9.55238	10.36	3.64021	0.00119674
65	9.47094	13.6623	3.24863	0.00126802
66	9.5607	22.5549	3.18407	0.0012785
67	9.6302	24.5859	3.37701	0.00124101
68	10.018	12.2896	3.59233	0.00119961
69	9.83083	17.3027	3.73815	0.00117073
70	9.89883	10.7564	3.80414	0.00115691
71	9.88266	10.5119	4.14436	0.00109217
72	9.77143	10.8243	4.31058	0.00106014
73	9.87622	11.0142	4.61254	0.00100312
74	9.42676	10.4841	4.28943	0.00106127
75	9.68407	30.1624	4.59253	0.00100412
76	9.37598	21.032	4.39576	0.0010389
77	9.73699	30.4623	4.5827	0.00100325
78	9.97498	11.0451	4.69485	0.000981195
79	9.62846	10.6514	4.81388	0.000958047
80	9.93095	10.2829	4.94948	0.000931944
81	9.82423	10.4016	5.10415	0.000902812
82	9.66458	10.5419	5.25766	0.000873202
83	9.66946	21.1666	5.36128	0.00085283
84	9.76483	10.4723	5.47077	0.000831643
85	9.70798	19.914	5.47488	0.000829667
86	9.92785	17.7043	5.64403	0.000797316
87	9.55265	10.4283	5.47112	0.000827962
88	9.48582	10.7687	5.44834	0.000831005
89	9.54239	10.2769	5.40213	0.000837989
90	9.8732	11.7425	5.45634	0.000827019
91	10.3613	20.8728	5.52701	0.000812727
92	9.7518	10.7923	5.59672	0.000799177
93	9.82857	10.9418	5.70514	0.000778834
94	9.829	11.1156	5.7552	0.000769089
95	9.89208	11.355	5.84595	0.000751157
96	10.2792	24.425	5.91936	0.000736785
97	10.273	10.8417	5.99335	0.000722232
98	10.123	10.7484	6.03247	0.000714796
99	10.2435	10.9129	6.16725	0.000689275
100	9.78839	10.6421	6.25642	0.000672179
101	9.72848	10.9353	6.3173	0.000660072
102	9.71878	11.0187	6.46482	0.000632101
103	9.57328	10.9084	6.43165	0.000637158
104	9.75598	13.5414	6.49207	0.000625223
105	9.53428	13.9346	6.4541	0.000631153
106	9.76683	13.6117	6.49564	0.000622662
107	9.88763	17.308	6.61016	0.000601222
108	9.79758	10.5117	6.66691	0.000590818
109	9.43637	21.1512	6.61872	0.000597952
110	9.79524	40.3408	6.6947	0.000584335
111	9.62749	10.8184	6.8017	0.000564701
112	10.0125	13.4794	6.96274	0.000535477
113	10.0442	14.2967	7.00533	0.000526855
114	9.92957	10.3686	7.05806	0.000516792
115	10.0025	10.8267	7.2221	0.000487952
116	10.0183	10.644	7.28158	0.000477305
117	9.85065	10.5577	7.42673	0.00045059
118	9.81241	39.3737	7.62024	0.000416133
119	9.85329	10.5714	7.68531	0.000404048
120	9.62551	11.0824	7.65918	0.000408059
121	9.70069	13.8939	7.71988	0.000396426
122	9.85646	16.5473	7.78776	0.000383314
123	10.1528	14.4612	7.83351	0.000374436
124	9.97916	17.8689	7.92474	0.000357264
125	9.67438	10.4028	7.95018	0.000352011
126	9.72153	35.0317	8.05294	0.000332762
127	9.61847	13.9061	8.08933	0.000325571
128	9.7772	17.9247	8.11534	0.000320378
129	9.78985	10.6676	8.15284	0.000313158
130	9.27137	10.6141	8.10899	0.000320481
131	9.82375	41.5485	8.14664	0.000313256
132	9.86838	10.5886	8.22352	0.000299505
133	10.0835	10.5147	8.29206	0.000287313
134	9.91979	10.219	8.34896	0.00027711
135	10.0602	14.0044	8.39771	0.000268233
136	10.0627	10.6255	8.44236	0.000259747
137	9.87723	14.3248	8.56974	0.000236908
138	9.83619	10.9563	8.61575	0.000228904
139	10.1973	28.5242	8.68791	0.000215916
140	9.83814	10.8607	8.75349	0.000204682
141	9.73222	10.5047	8.75042	0.000204743
142	9.79053	14.2811	8.77714	0.000199479
143	9.7326	10.6895	8.9051	0.000176407
144	9.65607	10.3816	8.85383	0.000184284
145	9.94429	31.4567	8.92216	0.000172893
146	9.81436	17.9269	8.95087	0.000167774
147	9.74923	10.763	8.96769	0.000164386
148	9.7451	30.6925	8.96973	0.000163576
149	9.55198	30.9958	8.95999	0.000164487
