generation	best_fitness	median_fitness	predicted_fitness	fitness_progress
0	9.70882	10.6133	0	0
1	9.88462	22.063	97.7867	-0.0177856
2	9.45962	17.5125	-52.8399	0.0130855
3	9.79259	17.1346	5.21365	0.000928257
4	9.61995	24.4667	-1.48869	0.00230153
5	9.80516	10.9037	16.1781	-0.0013088
6	9.59095	10.1878	0.420275	0.00190333
7	9.6237	10.7891	2.95552	0.00137979
8	9.63723	10.4773	6.24293	0.000702682
9	9.52011	17.2548	1.03738	0.00177063
10	9.48725	17.0033	-4.10272	0.00282792
11	9.67381	24.3326	1.00324	0.00177377
12	9.46775	11.3533	-1.3694	0.00226081
13	9.42797	10.6485	-4.81575	0.00296719
14	9.78227	12.8177	-1.41275	0.00226593
15	9.7504	27.8799	0.934961	0.00178008
16	9.51877	10.4183	3.50705	0.0012511
17	9.8197	24.3363	3.62383	0.00122558
18	9.64647	11.1883	4.50558	0.00104488
19	9.96364	11.2886	8.04936	0.000326093
20	9.84965	11.106	10.4422	-0.000163074
21	9.76348	13.6045	10.7147	-0.000214396
22	9.78249	14.4011	12.754	-0.000622904
23	9.43195	17.4753	10.7189	-0.00021435
24	9.80416	11.2816	12.766	-0.000622516
25	9.6416	10.3916	11.0794	-0.000285775
26	9.54126	17.1716	10.6643	-0.000205511
27	9.468	30.7319	10.2842	-0.000129588
28	9.74213	23.716	10.6683	-0.000205468
29	9.54804	11.4195	10.6966	-0.000211691
30	9.57998	10.9042	10.3225	-0.000136925
31	9.76318	30.9005	10.6984	-0.000211191
32	9.83295	10.5764	11.0117	-0.000271544
33	9.84509	17.3555	11.2804	-0.000320696
34	9.71359	14.4646	11.3002	-0.000327031
35	9.68658	17.6278	10.9941	-0.000265375
36	9.76646	17.8118	11.0366	-0.000272457
37	9.86499	13.7751	11.4169	-0.000344684
38	9.88891	10.3328	11.7576	-0.000408875
39	10.0606	10.9634	12.0786	-0.00047264
40	9.70093	17.4127	11.7656	-0.000408708
41	9.60512	16.9345	11.3698	-0.000332768
42	10.0263	17.3263	11.7735	-0.000408541
43	9.93504	10.7907	12.097	-0.000472194
44	9.56996	14.2646	11.7814	-0.000408374
45	9.65825	10.4279	11.3827	-0.000332547
46	9.62839	10.8201	11.1651	-0.000292753
47	9.55378	10.3575	10.8831	-0.000237124
48	9.82193	17.601	11.1708	-0.000292667
49	9.87713	21.543	11.3137	-0.000316755
50	9.71661	11.0493	11.1675	-0.000290782
51	9.40216	11.1985	10.8728	-0.000233232
52	9.81943	24.4674	11.1731	-0.000290697
53	9.88766	17.4397	11.4777	-0.000345127
54	9.6632	24.5306	11.4582	-0.00034374
55	9.88377	17.2513	11.6686	-0.000380182
56	9.9511	17.4478	11.8376	-0.000411735
57	9.87054	17.5133	12.0216	-0.000445516
58	9.85017	14.6885	12.0057	-0.000442584
59	9.81023	11.3877	12.0088	-0.000442272
60	9.66946	17.2883	11.8354	-0.000407679
61	9.77356	10.4295	11.7207	-0.000385545
62	9.40992	14.5936	11.6741	-0.000378111
63	9.67846	17.4266	11.5032	-0.000345796
64	9.63223	11.1683	11.378	-0.000322313
65	9.45306	10.4075	11.1963	-0.000287947
66	9.57734	11.378	11.0653	-0.000263619
67	9.66939	18.0049	10.8562	-0.000222861
68	9.71921	24.9922	10.712	-0.000197604
69	9.62426	11.2085	10.4905	-0.000153897
70	9.54636	11.9643	10.2687	-0.000110476
71	9.98556	18.2229	10.4935	-0.000153873
72	9.63612	11.1717	10.2708	-0.000110464
73	9.60299	11.5136	10.2089	-9.91594e-05
74	9.90289	11.6402	10.2729	-0.000110451
75	9.78058	11.655	10.3967	-0.000133812
76	9.77784	10.3748	10.339	-0.000121938
77	9.66589	10.2072	10.1332	-8.33503e-05
78	9.8153	17.698	10.2203	-9.93583e-05
79	9.81652	17.0398	10.3182	-0.000117029
80	9.75624	11.5035	10.3616	-0.000124701
81	9.67728	10.3839	10.2623	-0.000106137
82	9.95578	11.5968	10.3677	-0.000125453
83	9.76365	10.5308	10.3326	-0.000118311
84	9.52562	17.5039	10.226	-9.82501e-05
85	9.78089	12.4594	10.2317	-9.80357e-05
86	9.6815	11.6538	10.0982	-7.33099e-05
87	9.78303	11.6535	10.1338	-7.90747e-05
88	9.98368	10.2587	10.2406	-9.80673e-05
89	9.76784	10.385	10.2581	-0.000101139
90	9.67955	10.4582	10.2098	-9.17888e-05
91	9.66043	10.3087	10.1204	-7.59594e-05
92	9.55156	18.5186	10.0193	-5.74882e-05
93	10.1324	21.6133	10.1218	-7.59536e-05
94	9.96961	10.8837	10.2134	-9.17719e-05
95	9.72569	10.2716	10.1233	-7.59479e-05
96	9.7904	17.3382	10.161	-8.18553e-05
97	10.018	12.9565	10.2326	-9.47527e-05
98	9.78875	11.6812	10.2159	-9.12083e-05
99	9.66711	10.7342	10.1591	-8.04355e-05
100	9.62291	10.2574	10.0945	-6.92022e-05
101	9.78455	14.8575	10.0961	-6.82345e-05
102	9.74454	10.5786	10.0363	-5.84322e-05
103	9.61252	11.6216	10.0364	-5.89122e-05
104	9.59658	11.5853	9.99616	-5.15692e-05
105	9.91399	15.0896	10.0375	-5.89088e-05
106	9.91804	17.8824	10.0702	-6.41041e-05
107	9.87422	11.5926	10.1154	-7.10799e-05
108	9.52761	11.6394	10.0715	-6.41e-05
109	9.47531	11.4337	10.0352	-5.80586e-05
110	9.58834	11.7204	9.99024	-4.97493e-05
111	9.81662	17.7508	9.99963	-5.1248e-05
112	9.83552	14.4481	10.0255	-5.54935e-05
113	9.8429	17.8806	10.0325	-5.53913e-05
114	9.77822	11.3522	10.0538	-5.76776e-05
115	9.87768	11.4387	10.0767	-6.14374e-05
116	9.80552	11.2347	10.0895	-6.36474e-05
117	9.40816	10.5872	10.0585	-5.79793e-05
118	9.33384	24.5561	10.0154	-5.09417e-05
119	9.56344	11.2538	9.99155	-4.78551e-05
120	9.6386	11.6189	9.95312	-4.13937e-05
121	9.80836	10.8986	9.99248	-4.78528e-05
122	9.92244	11.0897	10.0174	-5.09365e-05
123	9.87675	10.4194	10.0619	-5.79692e-05
124	9.54801	10.0949	10.0184	-5.09339e-05
125	9.31688	18.9491	9.99434	-4.78482e-05
126	9.7444	30.5767	9.96515	-4.32772e-05
127	9.56206	14.1625	9.92064	-3.52959e-05
128	9.66926	14.282	9.91378	-3.46599e-05
129	9.85848	16.391	9.99261	-4.82938e-05
130	9.87945	10.5282	10.0064	-5.04986e-05
131	9.58546	10.1436	9.99355	-4.82915e-05
132	9.65234	11.2121	9.97174	-4.43781e-05
133	9.58082	11.2411	9.95595	-4.19051e-05
134	9.51064	10.8791	9.93776	-3.89457e-05
135	9.70697	10.9785	9.90609	-3.31224e-05
136	9.36424	11.1231	9.85916	-2.50235e-05
137	9.591	24.8513	9.8342	-2.06031e-05
138	9.65352	17.3401	9.81914	-1.79788e-05
139	9.45666	21.6712	9.77161	-9.99501e-06
140	9.36637	10.9551	9.7266	-2.86237e-06
141	9.59339	10.9924	9.70117	1.2078e-06
142	9.65968	10.6562	9.64199	1.07299e-05
143	9.28683	10.0105	9.62922	1.2521e-05
144	9.72672	10.6907	9.637	1.14959e-05
145	9.47008	11.427	9.58723	1.94158e-05
146	9.49601	27.26	9.5627	2.33372e-05
147	9.70233	14.5148	9.57814	2.08511e-05
148	9.73542	11.2512	9.58038	2.04539e-05
149	9.65552	10.2735	9.54932	2.55174e-05
