generation	best_fitness	median_fitness	predicted_fitness	fitness_progress
0	17.0207	26.9517	0	0
1	17.1034	17.9253	58.4776	-0.00483811
2	16.28	26.0726	-168.894	0.0224927
3	16.357	57.1749	-131.651	0.0178824
4	16.6085	44.5418	-56.9076	0.00880769
5	16.3264	22.9156	-44.1057	0.00728063
6	16.1549	17.038	-54.6164	0.00856725
7	16.2053	22.7698	-52.2536	0.00829606
8	15.8505	16.6248	-58.2632	0.00905177
9	16.3531	36.7669	-52.5268	0.00836546
10	16.1556	47.8244	-33.9522	0.00609707
11	15.7861	53.2866	-25.0982	0.00503564
12	15.8407	16.9849	-19.7373	0.00438368
13	15.9245	56.2847	-18.9167	0.0042845
14	15.496	35.7116	-22.458	0.0047169
15	15.6334	63.2378	-20.1377	0.00443479
16	15.5422	16.6181	-20.55	0.00448655
17	15.3581	22.0973	-21.6273	0.00461953
18	15.1941	16.2743	-24.7094	0.00500264
19	14.698	15.9142	-29.2143	0.00556104
20	14.9849	52.2752	-29.9584	0.00566305
21	14.9397	21.8758	-30.9188	0.00578629
22	14.1388	15.824	-32.4303	0.00597743
23	13.6073	53.2805	-34.4052	0.00622452
24	14.4684	52.9728	-36.5698	0.00649753
25	14.3547	15.3193	-37.8773	0.00668324
26	14.5393	45.9191	-36.7743	0.00654002
27	14.1662	15.5274	-38.0807	0.00672576
28	14.2213	46.4388	-37.4679	0.00664752
29	14.0405	15.728	-37.3276	0.00663728
30	14.5704	31.0704	-37.109	0.00661683
31	13.9873	15.409	-36.9511	0.00660381
32	14.1687	15.315	-36.8525	0.0065993
33	14.0492	14.7901	-36.087	0.00650786
34	14.4862	46.1866	-34.876	0.00636605
35	13.5561	15.6742	-35.082	0.00639797
36	13.5919	17.956	-34.5919	0.00634569
37	13.6465	46.2712	-34.2218	0.00630148
38	13.7771	37.8156	-33.462	0.00621289
39	13.5811	55.9524	-32.4586	0.00608962
40	12.8685	13.8333	-33.6492	0.00625173
41	12.9851	49.3897	-33.6381	0.0062595
42	12.4424	14.0206	-34.6943	0.00640655
43	12.4835	14.01	-34.8206	0.006434
44	12.2728	51.5959	-35.3608	0.00651096
45	12.6109	13.9765	-35.0169	0.00647819
46	13.1381	45.6947	-34.9041	0.00647285
47	12.9604	33.3511	-33.6233	0.00630491
48	13.4226	42.1172	-33.386	0.00627886
49	13.0921	14.7049	-32.6763	0.00618809
50	13.5242	33.3807	-32.3291	0.00614872
51	12.7724	13.7072	-32.0235	0.00611407
52	12.6713	14.014	-31.6006	0.00606228
53	12.0574	32.5463	-31.7581	0.00609145
54	12.3111	21.8589	-31.4685	0.00605755
55	12.4043	27.0682	-31.176	0.00601916
56	12.8061	14.2932	-30.8639	0.00598015
57	12.8035	22.6345	-30.3604	0.00591226
58	13.236	29.271	-29.8177	0.00584252
59	12.5332	14.3148	-28.9699	0.00572591
60	12.5271	13.9093	-28.2796	0.00563652
61	12.3985	25.7878	-28.0015	0.00560393
62	12.631	16.616	-27.7759	0.00557892
63	12.3868	15.4487	-27.6097	0.00556112
64	12.8531	32.3656	-27.1798	0.00550425
65	12.445	15.0948	-26.1864	0.00537028
66	12.4022	22.6846	-25.5967	0.00529453
67	12.8189	14.7248	-25.1737	0.00524403
68	12.4101	13.6124	-24.3977	0.00513634
69	12.1247	35.9085	-23.9877	0.00508212
70	12.1294	16.3644	-23.0132	0.0049448
71	12.2276	32.8296	-22.8292	0.00492052
72	12.2824	13.6308	-22.364	0.00485701
73	11.7772	13.2248	-22.0361	0.00480628
74	11.8361	28.4978	-21.5499	0.00474258
75	11.7359	13.2229	-21.2633	0.0047063
76	11.9553	26.0723	-20.6884	0.00462585
77	11.609	13.6481	-20.4549	0.00459486
78	11.6804	13.0179	-20.0686	0.00454437
79	11.3997	13.7879	-19.9392	0.00452732
80	11.8951	12.7694	-19.2142	0.00443181
81	12.1525	13.2624	-18.8718	0.00438828
82	11.5985	12.9818	-18.2712	0.00431382
83	11.7202	13.2891	-17.822	0.00425314
84	12.0949	32.207	-17.3483	0.00419529
85	11.8171	12.6803	-17.0763	0.00415683
86	11.9657	13.5618	-16.6391	0.00409794
87	11.8084	13.2764	-16.4145	0.00407076
88	11.9033	12.6931	-16.1071	0.00403024
89	11.4616	22.1703	-15.6888	0.00397152
90	11.6985	12.8491	-15.2387	0.00391215
91	11.3643	13.359	-14.4727	0.00380974
92	11.9807	12.9495	-14.2071	0.00377448
93	12.1628	28.0238	-14.0914	0.00375752
94	11.7474	13.8133	-13.5951	0.00369171
95	11.4774	13.8578	-13.4145	0.00366672
96	11.2385	12.7609	-13.2349	0.00364146
97	11.4701	12.6248	-12.8578	0.0035888
98	11.3399	24.7305	-12.7816	0.00357664
99	11.5047	17.4896	-12.7212	0.00356733
100	11.4974	12.9823	-12.0845	0.00348053
101	11.4531	16.8902	-11.6042	0.00341451
102	12.1335	21.9721	-11.3418	0.0033778
103	11.5508	12.9455	-11.2218	0.00336042
104	10.9128	12.3829	-11.0814	0.00334128
105	11.3248	17.6992	-10.9505	0.00332183
106	11.1404	13.7668	-10.6981	0.00328515
107	10.8376	12.4699	-10.5641	0.00326539
108	11.0371	12.5632	-10.4123	0.00324253
109	11.3004	28.0817	-10.3313	0.00323014
110	11.2135	12.6465	-10.2405	0.00321618
111	10.8484	12.5566	-10.1544	0.00320145
112	10.2831	12.632	-10.3246	0.00322655
113	10.8298	16.6546	-10.2381	0.00321173
114	11.0606	21.0566	-10.1366	0.00319534
115	10.9649	12.2059	-9.95308	0.00317004
116	10.4411	14.6465	-9.88346	0.00316017
117	10.6214	12.2113	-9.85209	0.00315515
118	10.7032	11.5736	-9.82203	0.00314983
119	10.9586	21.0467	-9.71128	0.00313431
120	10.5224	11.7814	-9.55596	0.0031132
121	10.4671	14.1354	-9.40532	0.00309259
122	10.8466	26.3381	-9.23742	0.00306966
123	10.649	12.2554	-9.24232	0.00306962
124	10.8052	11.9138	-9.23894	0.00306874
125	10.3435	11.4724	-9.15919	0.0030564
126	10.788	25.3311	-9.14745	0.00305369
127	11.0658	12.4492	-9.10022	0.00304587
128	10.8251	12.529	-8.92222	0.0030207
129	10.6032	12.2123	-8.76739	0.00299796
130	10.3398	12.3173	-8.68983	0.00298617
131	10.8826	36.7731	-8.62753	0.00297659
132	10.548	11.162	-8.27615	0.00292503
133	10.2639	16.1289	-8.07548	0.00289486
134	10.6879	17.0142	-8.0468	0.00288944
135	11.0477	16.3173	-7.94436	0.00287391
136	11.1577	14.2677	-7.77867	0.00285049
137	10.5369	11.991	-7.66899	0.00283448
138	10.6239	12.0074	-7.41526	0.00279915
139	10.7549	11.9752	-7.36378	0.00279102
140	10.8424	21.2615	-7.3816	0.00279227
141	10.4039	11.9942	-7.39094	0.00279232
142	10.6624	12.5123	-7.32687	0.00278236
143	10.4968	14.8566	-7.26696	0.00277335
144	10.3864	11.5413	-7.1664	0.00275842
145	10.2522	11.4092	-7.04653	0.00274054
146	10.8678	23.4305	-7.00182	0.00273341
147	10.4812	11.6077	-6.98843	0.00272997
148	10.603	11.6335	-6.8481	0.00270831
149	10.1682	11.4962	-6.71126	0.0026876
