pelvis_tilt.offset                  	-0.055246089	-0.055320133	0.00099993563	
hip_flexion_r.offset                	0.13616387	0.13677396	0.0012014549	
knee_angle_r.offset                 	0.036471933	0.037096745	0.0010769664	
ankle_angle_r.offset                	0.054816911	0.053669819	0.001074951	
hip_flexion_l.offset                	0.023170628	0.022789466	0.0010893917	
knee_angle_l.offset                 	0.049732191	0.048488364	0.0010484319	
ankle_angle_l.offset                	-0.023893629	-0.020876569	0.0011495028	
leg0_l.stance_load_threshold        	0.20023663	0.19938045	0.0010802383	
leg1_r.stance_load_threshold        	0.16503546	0.16425656	0.0011033328	
S11111.tib_ant_l.KL                 	1.5943138	1.5855487	0.012211166	
S11111.tib_ant_l.L0                 	0.81239565	0.80739136	0.0027268557	
S11111.tib_ant_l-soleus_l.KF        	-0.22415454	-0.22455964	0.0033906699	
S11111.tib_ant_r.KL                 	2.1920418	2.1956094	0.013721491	
S11111.tib_ant_r.L0                 	0.71103443	0.71120402	0.0029129463	
S11111.tib_ant_r-soleus_r.KF        	-0.29458958	-0.29392643	0.0033631825	
S00111.soleus_l.KF                  	1.0288818	1.0289092	0.0067565713	
S00111.gastroc_l.KF                 	1.4980845	1.4990437	0.0068348882	
S00111.soleus_r.KF                  	0.96922401	0.96626896	0.0071024352	
S00111.gastroc_r.KF                 	1.3320823	1.33182	0.0062451153	
S00011.vasti_l.KF                   	1.1457475	1.1405749	0.006922243	
S00011.vasti_l.C0                   	0.02613042	0.026833748	0.00072557945	
S00011.vasti_l-knee_angle.pos_max   	-0.063955005	-0.066616948	0.0016963623	
S00011.hamstrings_l-pelvis_tilt_l.KP	0.75880831	0.72855265	0.018557433	
S00011.hamstrings_l-pelvis_tilt_l.KV	0.55284031	0.54928618	0.0028665928	
S00011.hamstrings_l-pelvis_tilt_l.C0	0.0041301288	0.0042202395	0.0010280138	
S00011.glut_max_l-pelvis_tilt_l.KP  	1.0635307	1.0674909	0.018489995	
S00011.glut_max_l-pelvis_tilt_l.KV  	0.69686236	0.69852026	0.0035619952	
S00011.glut_max_l-pelvis_tilt_l.C0  	-0.029621888	-0.031418407	0.0012023182	
S00011.iliopsoas_l-pelvis_tilt_l.KP 	-2.2231976	-2.2435159	0.024196476	
S00011.iliopsoas_l-pelvis_tilt_l.KV 	-0.72249582	-0.71621926	0.0025719636	
S00011.iliopsoas_l-pelvis_tilt_l.C0 	0.18472746	0.1853223	0.0012671931	
S00011.vasti_r.KF                   	0.96171138	0.9689766	0.0068748786	
S00011.vasti_r.C0                   	0.052780331	0.052445133	0.00074911756	
S00011.vasti_r-knee_angle.pos_max   	-0.10478092	-0.10455025	0.0017492377	
S00011.hamstrings_r-pelvis_tilt_r.KP	1.010813	0.97833079	0.017746639	
S00011.hamstrings_r-pelvis_tilt_r.KV	0.49404006	0.49762862	0.002774656	
S00011.hamstrings_r-pelvis_tilt_r.C0	-0.004265273	-0.0034840716	0.001027962	
S00011.glut_max_r-pelvis_tilt_r.KP  	0.79618006	0.81139014	0.020271321	
S00011.glut_max_r-pelvis_tilt_r.KV  	0.79490367	0.79498182	0.003549818	
S00011.glut_max_r-pelvis_tilt_r.C0  	0.019709051	0.023618013	0.0012963867	
S00011.iliopsoas_r-pelvis_tilt_r.KP 	-1.5060292	-1.5251411	0.024391951	
S00011.iliopsoas_r-pelvis_tilt_r.KV 	-0.72316929	-0.72953472	0.0026393799	
S00011.iliopsoas_r-pelvis_tilt_r.C0 	0.22204032	0.22268942	0.0012390219	
S00100.iliopsoas_l.C0               	0.5292123	0.53000258	0.0033636317	
S00100.glut_max_l.C0                	-0.23428706	-0.23554826	0.0025624881	
S00100.iliopsoas_r.C0               	0.48658877	0.48390682	0.0032360889	
S00100.glut_max_r.C0                	-0.17799946	-0.17784533	0.0025458394	
S11000.iliopsoas_l.KL               	0.12358594	0.12838709	0.0034694388	
S11000.iliopsoas_l.L0               	0.14403226	0.14486997	0.006620008	
S11000.iliopsoas_l-pelvis_tilt_l.P0 	-0.10815707	-0.10823441	0.0011460693	
S11000.iliopsoas_l-pelvis_tilt_l.KP 	0.79091132	0.78589216	0.012532981	
S11000.iliopsoas_l-pelvis_tilt_l.KV 	0.18964149	0.19105817	0.0028795565	
S11000.iliopsoas_l-hamstrings_l.KL  	-1.022919	-0.9909795	0.03199131	
S11000.iliopsoas_l-hamstrings_l.L0  	0.86594328	0.87106938	0.0055755636	
S11000.hamstrings_l.KF              	-0.40135079	-0.39501885	0.0076059217	
S11000.glut_max_l.KF                	0.36502901	0.36053201	0.0040336925	
S11000.iliopsoas_r.KL               	0.057479155	0.05984021	0.0034310391	
S11000.iliopsoas_r.L0               	0.16324886	0.15942076	0.0068704817	
S11000.iliopsoas_r-pelvis_tilt_r.P0 	-0.091693058	-0.090771598	0.00114217	
S11000.iliopsoas_r-pelvis_tilt_r.KP 	1.106168	1.1123773	0.012533956	
S11000.iliopsoas_r-pelvis_tilt_r.KV 	0.28974951	0.28486565	0.0027797354	
S11000.iliopsoas_r-hamstrings_r.KL  	-0.89391815	-0.9028696	0.031983365	
S11000.iliopsoas_r-hamstrings_r.L0  	0.97065022	0.97550642	0.0052625674	
S11000.hamstrings_r.KF              	-0.36501607	-0.36469907	0.007642164	
S11000.glut_max_r.KF                	0.44046112	0.44440459	0.0040774214	
