generation	best_fitness	median_fitness	predicted_fitness	fitness_progress
0	383.245	398.763	0	0
1	364.469	383.848	-9023.99	0.0515186
2	366.457	374.45	-3830.75	0.0226476
3	354.427	368.522	-4144.82	0.0247033
4	353.932	361.509	-3304.94	0.0201586
5	342.222	359.814	-3241.52	0.0200327
6	326.158	342.457	-3736.8	0.0229824
7	314.003	330.629	-4134.54	0.0257059
8	307.512	315.955	-4425.83	0.0277905
9	297.61	308.988	-4460.26	0.0283482
10	289.191	303.834	-4469.5	0.0287542
11	277.786	290.805	-4479.29	0.0291753
12	269.63	279.63	-4476.31	0.0295172
13	238.52	277.818	-4498.32	0.0300521
14	237.32	265.408	-4588.97	0.031046
15	239.571	258.032	-4605.52	0.0315541
16	234.234	245.04	-4567.03	0.0317518
17	212.347	263.576	-4624.9	0.0325822
18	221.059	242.276	-4586.22	0.032793
19	215.246	251.374	-4555.14	0.0330279
20	197.699	252.151	-4552.24	0.0334688
21	189.414	249.145	-4549.24	0.0339208
22	189.117	231.085	-4536.85	0.0343314
23	160.962	221.797	-4568.17	0.0351118
24	193.429	219.94	-4555.7	0.035552
25	151.576	218.067	-4553.14	0.036059
26	161.204	206.853	-4461.84	0.0357934
27	156.607	209.42	-4453.75	0.0363103
28	106.323	190.167	-4480.26	0.0371222
29	97.8565	244.847	-4558.49	0.0385299
30	97.1986	183.548	-4600.55	0.0396737
31	97.2035	97.8769	-4562.51	0.0399086
32	97.051	97.274	-4517.09	0.0400993
33	96.9	97.1516	-4508.79	0.0407492
34	96.9467	97.0489	-4490.93	0.0413201
35	96.8303	96.9499	-4440.89	0.0415506
36	96.7868	96.9069	-4412.4	0.0419221
37	96.6993	96.8171	-4404.03	0.0425534
38	96.7156	96.8251	-4402.54	0.0432846
39	96.6634	96.8346	-4397.66	0.0439507
40	96.6615	96.7772	-4363.05	0.0443381
41	96.6027	96.7383	-4251.97	0.0436721
42	96.5382	96.6552	-4174.71	0.0434113
43	96.4866	96.5561	-4177.34	0.044319
44	96.3836	96.5833	-4178.44	0.0452431
45	96.4282	96.4985	-4179.9	0.046084
46	96.3683	96.4653	-4044.62	0.0445813
47	96.3649	96.4297	-3937.1	0.043767
48	96.2116	96.4402	-3901.76	0.0440546
49	96.1427	96.3713	-3792.36	0.043026
50	96.0464	96.2881	-3687.13	0.0420641
51	95.9851	96.2057	-3609.57	0.0413111
52	95.8337	96.0948	-3587.27	0.0416353
53	94.9512	95.9731	-3532.1	0.0413492
54	95.4052	95.5638	-3362.87	0.0394836
55	95.1841	95.4953	-3242.88	0.0385671
56	94.8379	95.4055	-3102.03	0.0369099
57	93.5891	94.9694	-2902.63	0.034505
58	93.8089	94.7388	-2242.84	0.0271023
59	89.4944	94.3078	-678.304	0.0113917
60	89.9688	94.434	-526.601	0.00976414
61	88.2278	94.9636	-684.897	0.0115175
62	87.6823	92.6093	-578.652	0.0104378
63	88.1143	90.1053	-548.755	0.0101228
64	87.7614	88.5954	-517.269	0.00978398
65	87.9852	92.3963	-491.233	0.0094939
66	87.6885	88.5344	-439.09	0.00884269
67	84.5027	88.5286	-383.809	0.0081194
68	84.365	87.081	-370.167	0.00796031
69	83.827	85.6299	-353.753	0.00773709
70	82.7775	84.3888	-338.702	0.00754118
71	81.7209	83.354	-334.215	0.00749556
72	81.8231	83.0521	-325.245	0.00738296
73	80.6967	82.2975	-314.937	0.00724959
74	79.2878	82.463	-325.216	0.00741403
75	79.2106	91.0804	-316.519	0.00730253
76	79.8038	82.8324	-314.633	0.00729043
77	80.3088	86.1565	-311.551	0.00726078
78	80.1038	82.5714	-307.663	0.00721869
79	80.8522	82.1611	-297.48	0.00707487
80	80.4363	83.6262	-295.672	0.00706163
81	82.0458	84.6222	-294.204	0.00704626
82	81.1442	83.4688	-289.796	0.00697967
83	79.8578	86.1724	-282.195	0.00686281
84	68.2274	82.1335	-291.255	0.00702873
85	79.9249	82.286	-283.623	0.00691024
86	66.261	84.1408	-292.714	0.00707848
87	70.9434	173.749	-287.926	0.00702163
88	69.691	134.284	-293.454	0.0071361
89	69.1667	81.5661	-295.08	0.00717748
90	50.8632	173.976	-298.16	0.00724028
91	53.5718	84.4836	-301.629	0.00731199
92	67.4738	81.3534	-299.628	0.00729309
93	67.6141	132.568	-300.151	0.00731493
94	50.7801	80.5717	-301.095	0.00734667
95	65.4396	121.824	-301.618	0.00736883
96	51.9362	80.1175	-302.563	0.00740104
97	12.672	81.5977	-306.062	0.00747598
98	14.094	80.5655	-316.223	0.00765702
99	16.0031	89.6993	-321.315	0.00775982
100	14.5497	128.946	-325.776	0.00785851
101	14.5994	65.9266	-328.951	0.00793104
102	14.0555	100.095	-332.5	0.00800973
103	14.4449	68.238	-337.232	0.00810871
104	13.8184	66.0165	-340.388	0.00818205
105	14.0772	79.5844	-346.012	0.00829925
106	15.3304	59.8942	-352.887	0.00844259
107	14.8153	144.105	-364.176	0.00866459
108	13.7336	49.3088	-371.671	0.00881927
109	12.9447	59.0639	-393.156	0.00921969
110	13.9482	67.3249	-405.973	0.00948675
111	14.5962	59.6806	-425.788	0.00989195
112	13.9911	27.5323	-447.737	0.0102766
113	14.8665	17.665	-462.505	0.0105872
114	14.3008	16.2926	-495.958	0.0112438
115	13.6375	17.0901	-572.989	0.0126777
116	13.531	51.8533	-599.756	0.0131644
117	12.0424	40.6925	-605.005	0.0133467
118	12.5495	51.4351	-623.115	0.0137185
119	10.9765	66.2661	-647.217	0.0142964
120	12.4411	65.9455	-658.896	0.0145421
121	9.16832	103.715	-672.321	0.0149174
122	12.2172	85.2309	-677.085	0.0150315
123	12.8707	55.9852	-680.403	0.0151186
124	10.8168	31.9951	-682.171	0.0151762
125	10.536	75.7322	-681.26	0.0151965
126	10.7038	53.6537	-694.901	0.0154923
127	10.9135	85.2522	-691.176	0.0154714
128	9.20692	13.7415	-688.889	0.0155011
129	8.90745	64.8085	-686.805	0.0155709
130	12.0622	66.213	-685.05	0.0155952
131	9.48149	57.8838	-684.397	0.0156306
132	10.8298	44.0853	-683.023	0.0156626
133	10.7865	14.0044	-674.249	0.0156271
134	9.45503	52.9107	-674.128	0.0157199
135	10.3301	70.8252	-669.302	0.0157007
136	10.0577	20.3161	-668.964	0.0157338
137	10.4861	68.4907	-665.872	0.0157905
138	10.6603	57.8525	-662.112	0.0158103
139	10.5352	41.0655	-654.035	0.0158237
140	9.85535	14.1963	-643.541	0.0157087
141	9.33814	12.3115	-639.282	0.0157261
142	8.94359	68.7566	-639.092	0.0157918
143	9.03862	52.1217	-631.604	0.0157371
144	8.21524	53.3533	-621.745	0.0157386
145	9.66304	73.117	-609.573	0.0155653
146	9.03916	30.8631	-602.872	0.0154608
147	7.48838	12.4165	-599.008	0.015417
148	8.89296	28.7409	-596.466	0.0154805
149	8.99197	13.329	-589.768	0.0153475
