generation	best_fitness	median_fitness	predicted_fitness	fitness_progress
0	8.46421	12.5467	0	0
1	9.06178	25.2503	307.846	-0.0659439
2	8.39546	9.90686	-8.79237	0.00408619
3	8.70362	10.3954	19.9742	-0.00264244
4	7.56229	36.3657	-104.797	0.0272232
5	7.4657	36.6424	-147.495	0.0383302
6	7.8077	9.37261	-111.99	0.0297195
7	7.13594	9.8397	-112.178	0.0302716
8	7.8311	23.3875	-84.6065	0.0231602
9	6.86978	23.2199	-81.646	0.0229646
10	7.07441	51.4043	-75.4915	0.0211233
11	6.98752	31.2948	-71.3022	0.0202341
12	7.18603	36.6013	-56.9	0.0167223
13	7.48377	53.5014	-44.4159	0.0133718
14	7.06548	37.2716	-47.0309	0.0141051
15	7.29947	61.4557	-37.0466	0.0115708
16	6.19427	45.1117	-47.2469	0.0143069
17	6.23755	61.0447	-46.8747	0.0142817
18	6.46087	36.8032	-48.7012	0.0148814
19	6.73827	32.1689	-40.7694	0.0127853
20	6.99459	57.9968	-34.2805	0.011115
21	6.3733	24.2685	-33.7709	0.0110481
22	0.850655	36.8221	-41.2141	0.0130552
23	6.93219	21.8293	-33.9319	0.0111716
24	6.47117	8.04422	-33.2808	0.0110118
25	0.809118	42.3738	-34.908	0.0115212
26	0.811417	7.20482	-41.594	0.0134052
27	0.823467	52.1919	-43.7245	0.0141212
28	6.21926	36.3344	-41.784	0.0135873
29	0.811159	7.02333	-43.9223	0.0143235
30	0.808962	7.91863	-50.0254	0.0163404
31	6.12556	37.0427	-44.12	0.0145316
32	6.20208	35.9667	-42.1639	0.0139669
33	0.812853	36.4524	-44.3178	0.0147459
34	0.816343	7.54207	-50.4669	0.0168925
35	0.812341	7.22238	-51.3267	0.0173103
36	0.809599	76.7497	-56.466	0.0194658
37	5.93559	6.75981	-51.5502	0.0176152
38	0.799921	21.6518	-56.7083	0.0198522
39	0.803224	42.2143	-64.6785	0.0234215
40	0.792404	7.30231	-69.0517	0.0255678
41	0.790431	26.3415	-74.1718	0.0281308
42	0.785148	6.58884	-79.4574	0.0311488
43	0.785884	6.65323	-83.8085	0.0340441
44	0.792069	50.885	-86.6737	0.036545
45	0.793323	6.9832	-87.6037	0.037754
46	0.782379	6.48215	-86.0588	0.03724
47	0.777994	6.13925	-85.2334	0.0374259
48	0.7726	6.58508	-84.0551	0.0369243
49	0.76457	45.1243	-83.1693	0.0371555
50	0.763853	7.04622	-82.3006	0.036807
51	0.771861	15.1015	-81.9177	0.0372317
52	0.773143	44.4903	-81.2499	0.0371582
53	0.766404	6.49659	-81.6857	0.038
54	0.767771	6.34699	-79.4843	0.0370907
55	0.768196	6.18791	-78.9096	0.0372565
56	0.771841	6.19316	-46.583	0.0280508
57	0.776277	22.2471	-4.70351	0.0101804
58	0.765801	6.8834	-3.53823	0.0085133
59	0.763597	5.93556	-2.76348	0.0073046
60	0.764	21.5773	-2.34807	0.00660308
61	0.762337	6.86541	-2.10209	0.00617876
62	0.746815	6.73595	-1.84208	0.00571739
63	0.748879	6.22391	-1.68799	0.00542919
64	0.70612	16.3515	-1.87718	0.0057963
65	0.695346	6.46233	-2.11845	0.0062467
66	0.749582	6.2866	-1.72736	0.00552732
67	0.751763	48.9063	-1.56439	0.00521146
68	0.751429	9.56027	-1.50286	0.0050903
69	0.689376	5.96746	-1.47098	0.00503807
70	0.70124	23.5613	-1.43903	0.00498378
71	0.74957	6.63479	-1.4022	0.00490954
72	0.704769	6.77807	-1.35407	0.00481975
73	0.701194	7.39469	-1.43471	0.00499043
74	0.744937	6.89516	-1.14818	0.00440141
75	0.702451	0.760803	-1.22041	0.00455318
76	0.691208	0.759852	-1.35496	0.00483457
77	0.692933	0.752849	-1.3334	0.00479065
78	0.691744	8.80158	-1.27729	0.00467938
79	0.689851	3.2305	-1.23924	0.00460208
80	0.682732	38.0025	-1.25269	0.00463224
81	0.691196	22.8505	-1.20469	0.00453672
82	0.68408	15.098	-1.15981	0.0044466
83	0.683939	6.24374	-1.12032	0.00436458
84	0.682624	5.81965	-1.09489	0.00431063
85	0.684678	3.32398	-1.09524	0.00431188
86	0.681403	3.23817	-1.06336	0.00424409
87	0.677019	6.08538	-1.04435	0.00420435
88	0.675738	63.8303	-1.02992	0.00417492
89	0.676619	7.54371	-1.01747	0.00414716
90	0.674994	19.1215	-0.993962	0.00409565
91	0.680535	38.1075	-0.983741	0.00407498
92	0.67557	6.01984	-0.954424	0.00401247
93	0.676226	38.665	-0.925574	0.00394934
94	0.677309	0.683749	-0.912021	0.00391935
95	0.67677	6.92091	-0.878148	0.00384393
96	0.673896	6.05349	-0.868072	0.00382172
97	0.672217	3.19311	-0.853549	0.00378937
98	0.6741	24.0814	-0.834167	0.00374877
99	0.67558	6.37418	-0.8251	0.00372771
100	0.669019	6.10769	-0.808495	0.00368799
101	0.671164	11.2111	-0.781528	0.00362761
102	0.670703	24.7627	-0.774698	0.0036115
103	0.668814	5.77716	-0.76423	0.0035882
104	0.668072	6.21154	-0.744801	0.00354239
105	0.671522	6.11169	-0.735778	0.00352092
106	0.670046	6.25032	-0.729574	0.00350592
107	0.670503	5.96365	-0.724471	0.0034939
108	0.671364	45.524	-0.71207	0.0034648
109	0.669658	5.82404	-0.69772	0.00343145
110	0.667851	58.8592	-0.688827	0.00341014
111	0.665567	59.3706	-0.679895	0.0033887
112	0.666301	48.694	-0.671233	0.00336835
113	0.665952	6.27517	-0.658607	0.00333893
114	0.665544	0.673258	-0.640862	0.00329633
115	0.668896	15.5682	-0.630364	0.00327039
116	0.66437	24.7052	-0.621599	0.00324998
117	0.661761	3.44537	-0.618908	0.00324193
118	0.664543	23.8789	-0.616047	0.0032341
119	0.665264	6.34518	-0.60925	0.00321838
120	0.663195	0.670349	-0.605147	0.00320856
121	0.66215	6.90043	-0.600341	0.0031969
122	0.661394	6.41752	-0.59028	0.00317237
123	0.660326	6.62182	-0.578891	0.00314328
124	0.661669	5.97956	-0.572956	0.00312734
125	0.665321	6.66131	-0.552091	0.00307957
126	0.658349	6.13286	-0.549135	0.00307171
127	0.659135	6.51436	-0.535769	0.00303782
128	0.66007	3.27119	-0.528893	0.00301983
129	0.65584	20.2673	-0.52358	0.00300661
130	0.656272	24.0657	-0.518666	0.0029949
131	0.657124	5.9465	-0.515551	0.00298644
132	0.656232	45.7332	-0.50471	0.00295925
133	0.65424	3.19942	-0.500757	0.00294944
134	0.658536	31.7682	-0.486639	0.0029155
135	0.657488	0.663771	-0.479302	0.00289699
136	0.65708	6.56531	-0.472501	0.00287966
137	0.656858	5.8882	-0.468083	0.00286756
138	0.653967	6.06087	-0.459983	0.00284671
139	0.652868	6.18091	-0.451984	0.00282627
140	0.652913	38.7866	-0.440408	0.0027973
141	0.655297	6.24303	-0.426387	0.00276306
142	0.654149	21.488	-0.415102	0.00273518
143	0.652731	31.6528	-0.404631	0.00270865
144	0.652704	5.97844	-0.401518	0.00269999
145	0.652365	5.97374	-0.359032	0.00259747
146	0.652763	36.2288	-0.351733	0.00257864
147	0.651619	5.77793	-0.338972	0.00254684
148	0.652094	35.8603	-0.30518	0.00246494
149	0.654002	6.00979	-0.290963	0.00242953
