generation	best_fitness	median_fitness	predicted_fitness	fitness_progress
0	0.650059	13.6549	0	0
1	0.652102	7.41628	1.67358	-0.00313287
2	0.648822	0.658211	0.339653	0.000952563
3	0.648197	5.8212	0.335571	0.000963674
4	0.646727	0.653292	0.122966	0.0016158
5	0.600417	0.653104	-0.0900604	0.00226898
6	0.598267	0.650918	-0.441619	0.00335138
7	0.59875	11.7449	-1.01005	0.00512761
8	0.648259	5.87036	-0.445946	0.00336265
9	0.64907	7.79441	-0.0959396	0.00227933
10	0.598635	14.6225	-0.450274	0.003374
11	0.606761	5.91732	-0.396621	0.00320893
12	0.611303	7.80765	-0.899182	0.00479998
13	0.59728	7.76252	-1.24976	0.00591565
14	0.597824	27.7395	-1.26737	0.00599667
15	0.649292	31.178	-1.13519	0.00556205
16	0.648611	38.79	-0.39808	0.00321002
17	0.648909	5.77231	0.342101	0.000923119
18	0.64545	0.658426	0.482229	0.000498788
19	0.596641	0.65321	0.498928	0.000446314
20	0.6467	8.71534	0.538511	0.00032811
21	0.598139	6.13677	0.516493	0.00039203
22	0.595309	3.38332	0.502251	0.000432664
23	0.599387	3.17422	0.496454	0.000409882
24	0.646592	0.651005	0.532514	0.000340601
25	0.644036	5.98428	0.534204	0.000336501
26	0.593823	14.4133	0.523159	0.000367306
27	0.591457	14.2987	0.477385	0.000465767
28	0.594947	30.5436	0.432344	0.000568152
29	0.594292	5.8229	0.396085	0.000677252
30	0.594269	21.0148	0.387076	0.000699811
31	0.594818	5.77317	0.308505	0.000949396
32	0.593055	0.647914	0.245956	0.0011498
33	0.595736	36.8688	0.279663	0.00103974
34	0.593143	3.22754	0.30105	0.000969149
35	0.596934	20.5951	0.321818	0.000901141
36	0.594485	18.0083	0.332724	0.000865852
37	0.594899	23.6363	0.346475	0.000820773
38	0.596395	28.9876	0.36128	0.000771487
39	0.596543	5.69848	0.389983	0.000677405
40	0.594291	17.2608	0.400199	0.00064375
41	0.59652	5.89917	0.433826	0.00053307
42	0.595889	6.47104	0.448376	0.000485084
43	0.596764	5.78485	0.461004	0.000444716
44	0.598229	0.65034	0.461512	0.000443233
45	0.597584	0.651502	0.476462	0.000394071
46	0.595751	19.2138	0.483519	0.000370563
47	0.596724	7.50151	0.485295	0.000364605
48	0.596669	35.7083	0.492076	0.000342235
49	0.594974	5.92642	0.497721	0.000323249
50	0.595496	5.9206	0.503197	0.00030496
51	0.593238	6.39947	0.502102	0.000307831
52	0.597008	38.7464	0.513017	0.000272177
53	0.596578	6.21245	0.523293	0.000238503
54	0.595959	5.89517	0.531727	0.000210726
55	0.595009	3.3166	0.532852	0.000206874
56	0.594536	3.13351	0.537398	0.000191412
57	0.593854	16.6762	0.535878	0.000195976
58	0.593322	0.646188	0.539882	0.000182691
59	0.593712	0.645393	0.539631	0.000183128
60	0.59355	5.99259	0.532728	0.000204967
61	0.593363	5.67907	0.532926	0.000203826
62	0.59365	5.86517	0.534104	0.000199586
63	0.592616	3.13191	0.534743	0.00019713
64	0.59237	13.8562	0.530916	0.000208957
65	0.592306	19.1489	0.527591	0.000218967
66	0.591965	14.9569	0.524172	0.000229596
67	0.591493	6.04269	0.518985	0.000246006
68	0.592778	23.1902	0.517607	0.00025015
69	0.592265	5.93855	0.51716	0.000251208
70	0.595321	21.8945	0.521633	0.000236201
71	0.592058	0.647407	0.519058	0.000244186
72	0.592848	3.29381	0.521372	0.000236249
73	0.591198	5.74241	0.514931	0.000256687
74	0.594245	6.1354	0.52109	0.000236305
75	0.592185	13.9649	0.518257	0.000245054
76	0.591813	5.86812	0.518924	0.00024244
77	0.590285	6.31722	0.517158	0.000247732
78	0.589689	14.6632	0.514597	0.000255475
79	0.588553	31.411	0.512925	0.000260371
80	0.588579	18.0495	0.511764	0.000263572
81	0.591407	36.9037	0.512614	0.000260439
82	0.589987	27.5035	0.51145	0.000263641
83	0.589277	22.9935	0.510408	0.000266423
84	0.591289	18.7867	0.511135	0.000263711
85	0.590863	26.2542	0.512569	0.000258744
86	0.592318	12.4811	0.513591	0.000255059
87	0.593804	26.0737	0.51568	0.00024804
88	0.59145	5.95567	0.517188	0.000242793
89	0.590316	26.8955	0.520747	0.000231236
90	0.591489	6.02886	0.522249	0.00022636
91	0.592165	18.5968	0.523091	0.000223538
92	0.592118	5.98623	0.523743	0.000221194
93	0.593192	5.70113	0.524419	0.000218757
94	0.592458	6.13433	0.525686	0.000214407
95	0.592295	7.1298	0.52603	0.000213035
96	0.5923	6.30841	0.527151	0.000209254
97	0.593252	6.36144	0.528226	0.00020548
98	0.591861	5.91913	0.52869	0.000203663
99	0.590649	33.793	0.529274	0.000201565
