pelvis_tilt.offset                  	-0.070595143	-0.070364514	0.00040313908	
hip_flexion_r.offset                	0.11900773	0.11962269	0.00040567842	
knee_angle_r.offset                 	0.044008381	0.043564833	0.00038271137	
ankle_angle_r.offset                	0.063318076	0.063480183	0.0004068497	
hip_flexion_l.offset                	0.014732365	0.014566729	0.00039553333	
knee_angle_l.offset                 	0.047257582	0.046854244	0.00041779155	
ankle_angle_l.offset                	-0.0041038081	-0.0031344573	0.00041134331	
leg0_l.stance_load_threshold        	0.15662014	0.15772561	0.00040503532	
leg1_r.stance_load_threshold        	0.19826883	0.19750361	0.00038312216	
S11111.tib_ant_l.KL                 	1.5775904	1.5706741	0.0046078594	
S11111.tib_ant_l.L0                 	0.78391446	0.78459096	0.001053723	
S11111.tib_ant_l-soleus_l.KF        	-0.38768123	-0.38874759	0.0013139791	
S11111.tib_ant_r.KL                 	1.606843	1.6046056	0.0046684526	
S11111.tib_ant_r.L0                 	0.78042092	0.77925628	0.0011401181	
S11111.tib_ant_r-soleus_r.KF        	-0.27512824	-0.27676506	0.0013175253	
S00111.soleus_l.KF                  	1.0328785	1.0306476	0.0024830522	
S00111.gastroc_l.KF                 	1.2641685	1.2681454	0.0023155145	
S00111.soleus_r.KF                  	0.95164562	0.95580714	0.0025295376	
S00111.gastroc_r.KF                 	1.3507925	1.3549308	0.0022932205	
S00011.vasti_l.KF                   	1.0026277	1.002751	0.0023193231	
S00011.vasti_l.C0                   	0.036549121	0.0364986	0.00025279335	
S00011.vasti_l-knee_angle.pos_max   	-0.057831844	-0.056967969	0.00065229869	
S00011.hamstrings_l-pelvis_tilt_l.KP	0.64343061	0.64899462	0.0071256515	
S00011.hamstrings_l-pelvis_tilt_l.KV	0.45237972	0.45295033	0.00099057066	
S00011.hamstrings_l-pelvis_tilt_l.C0	-0.0087429684	-0.0082673603	0.00036630758	
S00011.glut_max_l-pelvis_tilt_l.KP  	0.68418847	0.67653599	0.0073118802	
S00011.glut_max_l-pelvis_tilt_l.KV  	0.85976637	0.86363674	0.001585226	
S00011.glut_max_l-pelvis_tilt_l.C0  	0.0088913901	0.0080850386	0.00046835572	
S00011.iliopsoas_l-pelvis_tilt_l.KP 	-1.7686939	-1.7634877	0.008974427	
S00011.iliopsoas_l-pelvis_tilt_l.KV 	-0.71830552	-0.71843979	0.00098077251	
S00011.iliopsoas_l-pelvis_tilt_l.C0 	0.17832211	0.17817515	0.0004237778	
S00011.vasti_r.KF                   	0.98779624	0.98796238	0.0024445733	
S00011.vasti_r.C0                   	0.059685863	0.05955542	0.00026055832	
S00011.vasti_r-knee_angle.pos_max   	-0.12103283	-0.1208492	0.00068607445	
S00011.hamstrings_r-pelvis_tilt_r.KP	1.5922206	1.5866333	0.0072333015	
S00011.hamstrings_r-pelvis_tilt_r.KV	0.53201831	0.53081328	0.00098669264	
S00011.hamstrings_r-pelvis_tilt_r.C0	0.0036532256	0.0039409083	0.00038667187	
S00011.glut_max_r-pelvis_tilt_r.KP  	1.1098608	1.104088	0.0071900264	
S00011.glut_max_r-pelvis_tilt_r.KV  	0.72201328	0.72169977	0.0016459217	
S00011.glut_max_r-pelvis_tilt_r.C0  	-0.0026343487	-0.0028095502	0.00047326364	
S00011.iliopsoas_r-pelvis_tilt_r.KP 	-1.9772023	-1.9862479	0.0087607644	
S00011.iliopsoas_r-pelvis_tilt_r.KV 	-0.67723968	-0.67620683	0.00096641716	
S00011.iliopsoas_r-pelvis_tilt_r.C0 	0.27482761	0.27444239	0.00052502133	
S00100.iliopsoas_l.C0               	0.47852359	0.47965564	0.001338683	
S00100.glut_max_l.C0                	-0.31215233	-0.31374499	0.00095456331	
S00100.iliopsoas_r.C0               	0.55811799	0.55937238	0.0013373435	
S00100.glut_max_r.C0                	-0.31397632	-0.31244592	0.00096876163	
S11000.iliopsoas_l.KL               	0.13069602	0.1302904	0.0012533591	
S11000.iliopsoas_l.L0               	0.090053161	0.090284637	0.0022392324	
S11000.iliopsoas_l-pelvis_tilt_l.P0 	-0.12943138	-0.12843622	0.000392637	
S11000.iliopsoas_l-pelvis_tilt_l.KP 	0.85725186	0.85915675	0.0048006865	
S11000.iliopsoas_l-pelvis_tilt_l.KV 	0.24898949	0.24882288	0.0011319247	
S11000.iliopsoas_l-hamstrings_l.KL  	-0.53482981	-0.54058653	0.011351494	
S11000.iliopsoas_l-hamstrings_l.L0  	0.90808799	0.90663021	0.0019870617	
S11000.hamstrings_l.KF              	-0.18839303	-0.18878298	0.0028494675	
S11000.glut_max_l.KF                	0.44067312	0.44285809	0.0014077456	
S11000.iliopsoas_r.KL               	0.17576509	0.17513945	0.0011989679	
S11000.iliopsoas_r.L0               	0.11121018	0.11125594	0.0022591239	
S11000.iliopsoas_r-pelvis_tilt_r.P0 	-0.12452349	-0.12449643	0.00042395666	
S11000.iliopsoas_r-pelvis_tilt_r.KP 	0.94907886	0.94351323	0.0045738137	
S11000.iliopsoas_r-pelvis_tilt_r.KV 	0.30071674	0.30353168	0.0011529161	
S11000.iliopsoas_r-hamstrings_r.KL  	-0.6453855	-0.63599576	0.011503535	
S11000.iliopsoas_r-hamstrings_r.L0  	1.0104288	1.0127126	0.0019540502	
S11000.hamstrings_r.KF              	-0.36346682	-0.3652036	0.0029051562	
S11000.glut_max_r.KF                	0.34273005	0.34064869	0.0014940703	
