generation	best_fitness	median_fitness	predicted_fitness	fitness_progress
0	17.7372	27.5508	0	0
1	17.8503	18.7537	74.3669	-0.0063323
2	18.0009	23.5146	83.9041	-0.00734913
3	17.565	18.7707	74.593	-0.00629245
4	17.3441	18.6944	-31.6797	0.00558032
5	17.3749	36.4718	-48.0528	0.00743797
6	17.7359	28.8735	-24.5777	0.00478126
7	17.5246	18.8066	-14.2984	0.00360495
8	17.5837	18.3336	5.1473	0.00140609
9	17.5622	28.7908	7.83694	0.00110264
10	17.1308	18.1411	5.03096	0.00141557
11	17.2105	27.63	-3.85105	0.00241534
12	17.1976	23.5129	-8.23363	0.0029102
13	17.5697	18.141	-1.39923	0.0021343
14	17.2354	26.2556	-2.05679	0.00220656
15	16.9734	36.059	-4.27225	0.00245561
16	17.4863	27.5026	-2.13396	0.00221144
17	17.3636	17.9211	0.627153	0.00189775
18	17.1402	17.8629	0.68993	0.0018887
19	17.2529	18.0229	2.15297	0.00172204
20	16.7646	17.5873	0.337294	0.00192464
21	17.0126	55.2971	0.000730515	0.0019607
22	17.2867	49.5191	1.15116	0.00182906
23	16.8995	20.5794	0.735394	0.00187396
24	17.2946	20.4083	1.54718	0.00178071
25	17.0556	18.6502	2.00112	0.00172781
26	17.2041	23.1101	3.5873	0.00154813
27	16.9605	18.5069	2.97197	0.00161516
28	16.7264	25.1819	2.34744	0.0016834
29	16.9115	29.8737	2.77542	0.00163347
30	17.3852	28.6117	3.53086	0.00154688
31	16.7791	18.008	2.80606	0.00162633
32	16.9752	20.7258	3.54435	0.00154178
33	16.4874	17.7395	2.81384	0.00162179
34	16.6084	24.7995	2.1614	0.00169319
35	16.7761	25.7894	2.63357	0.00163839
36	16.8583	17.6522	2.92165	0.00160427
37	16.6806	17.7551	2.73474	0.00162338
38	17.2434	29.3601	3.30302	0.00155805
39	16.3802	22.734	2.67893	0.00162602
40	16.9258	28.6586	3.24945	0.00156048
41	16.6128	17.5584	3.70361	0.00150738
42	17.0113	25.7328	4.01819	0.00147019
43	16.6517	18.4604	4.10538	0.001459
44	17.1293	17.839	4.23564	0.00144305
45	16.7649	17.7152	4.82712	0.00137532
46	16.8801	17.5854	5.50469	0.00129813
47	17.0041	20.7272	5.86738	0.00125655
48	17.215	24.5433	6.34034	0.00120287
49	16.7538	18.16	6.61577	0.00117092
50	16.9988	18.5304	6.77309	0.00115234
51	16.7671	28.197	7.0061	0.00112527
52	16.9045	18.3921	7.52087	0.00106678
53	16.4767	22.8706	7.43068	0.00107505
54	16.6551	20.9313	7.54076	0.0010617
55	16.7469	22.3483	8.00964	0.00100876
56	16.6582	20.0578	8.34973	0.000969722
57	16.6301	17.6725	8.72169	0.000926341
58	16.3153	27.953	8.31658	0.000970663
59	16.6552	22.2696	8.59492	0.000937985
60	16.7413	28.4586	8.96123	0.000895145
61	16.2912	22.9351	8.65843	0.00092806
62	17.0443	28.1868	9.00063	0.000888065
63	16.4309	20.4213	8.74535	0.00091553
64	16.7541	44.6553	8.97041	0.000888855
65	16.6399	25.6011	9.24966	0.000856338
66	16.7049	22.9114	9.41692	0.000836308
67	16.7655	28.2556	9.62717	0.000812901
68	16.6267	21.8204	9.8183	0.000790849
69	16.8796	25.328	9.93426	0.00077696
70	16.8634	25.1489	9.97367	0.000771677
71	17.0125	17.6189	10.2951	0.00073588
72	16.7525	25.6057	10.4952	0.000712539
73	17.0061	54.6343	10.773	0.000681053
74	16.3936	21.8036	10.6454	0.000693906
75	16.5271	24.7513	10.7641	0.000679805
76	16.7438	40.2291	10.9008	0.000664352
77	16.5129	41.3589	10.9697	0.000655289
78	16.4591	19.7933	10.9657	0.000654304
79	16.4713	27.4155	10.9599	0.000653818
80	16.4187	18.5546	10.9018	0.000659295
81	16.646	20.0456	10.9183	0.000656419
82	16.9262	25.2223	11.0062	0.000645903
83	16.7678	53.8338	11.1726	0.000626674
84	16.5982	41.3586	11.2958	0.000612387
85	16.6251	22.2547	11.3486	0.000606281
86	17.4625	28.2587	11.4159	0.000598559
87	17.5041	56.7486	11.5211	0.000586133
88	17.0475	20.28	11.596	0.00057706
89	17.1699	23.3544	11.6682	0.00056894
90	17.4143	27.5902	11.8575	0.000547554
91	16.8752	18.0332	11.9782	0.000534791
92	16.9671	17.5422	12.0387	0.000528119
93	16.9319	17.4147	12.2154	0.000508359
94	17.0062	38.9262	12.3544	0.000492675
95	16.9612	17.6563	12.3951	0.000488246
96	16.91	17.9578	12.4774	0.000478703
97	16.7675	38.6982	12.6053	0.000464323
98	16.9378	23.9827	12.7058	0.000453293
99	16.6576	19.9588	12.8682	0.00043587
100	16.6657	55.1696	13.0556	0.000415231
101	16.5782	23.7217	13.0632	0.000414042
102	16.7896	20.8002	13.127	0.000406564
103	16.8154	17.673	13.2489	0.000392878
104	16.7617	39.0763	13.4374	0.000373404
105	16.6484	55.8231	13.5204	0.000365087
106	17.081	57.8501	13.7549	0.000339727
107	16.7377	22.1859	13.9979	0.000311651
108	17.0951	54.2775	14.0859	0.000301341
109	16.9994	18.4002	14.2509	0.00028411
110	16.628	24.8898	14.4779	0.000260395
111	16.6739	19.0816	14.4827	0.00025931
112	17.0369	59.8987	14.5888	0.000248037
113	17.2054	28.1705	14.689	0.000237274
114	17.068	17.771	14.7714	0.000228193
115	16.8803	24.3228	14.8557	0.000218596
116	16.7435	26.7966	14.9166	0.000211567
117	16.9202	17.6785	15.0895	0.000192335
118	17.1587	36.6404	15.2365	0.000176059
119	17.2686	22.227	15.3206	0.000167386
120	16.9044	20.0668	15.423	0.0001562
121	16.6378	25.0664	15.4887	0.000148759
122	17.0838	20.3799	15.6577	0.000130773
123	16.8956	47.3954	15.7251	0.000123695
124	17.0291	40.3524	15.7739	0.000118306
125	16.7887	17.5535	15.7934	0.000116769
126	16.7865	27.6906	15.8452	0.000111364
127	16.8353	28.2391	15.9073	0.000103903
128	16.6336	17.8992	15.8587	0.000109362
129	16.9207	22.5716	15.9094	0.000103309
130	16.8721	22.4053	15.9896	9.52787e-05
131	16.5217	17.7088	15.9162	0.000102226
132	16.8485	28.1392	15.9864	9.52877e-05
133	16.4558	17.4821	15.9128	0.000102236
134	16.7256	55.8833	15.9614	9.68129e-05
135	16.8903	25.831	15.9872	9.44608e-05
136	16.7323	21.798	15.979	9.48245e-05
137	16.6833	23.841	15.9626	9.59589e-05
138	16.7445	17.3261	15.9528	9.65319e-05
139	16.4614	20.8557	15.8852	0.000103687
140	16.7583	20.0343	15.9168	0.000100153
141	16.6193	17.1697	15.8642	0.000105443
142	16.6213	22.4006	15.8302	0.000108533
143	16.6009	17.6779	15.7985	0.000111611
144	16.7017	55.7695	15.8164	0.000109445
145	16.7946	23.0043	15.8592	0.00010491
146	16.7118	21.9342	15.8424	0.000106257
147	16.753	26.0544	15.8557	0.000104919
148	16.9242	17.3906	15.8829	0.000102112
149	16.6476	17.6748	15.8839	0.000101796
