generation	best_fitness	median_fitness	predicted_fitness	fitness_progress
0	18.5669	53.9019	0	0
1	23.37	67.5835	2424.88	-0.205521
2	19.5307	58.5113	260.465	-0.0249806
3	19.3911	50.4037	-50.3864	0.00714543
4	18.408	65.4657	-262.26	0.0291603
5	18.3374	20.082	-212.905	0.0241214
6	18.8612	59.8851	-122.88	0.0147885
7	18.4836	46.4643	-75.6612	0.00986291
8	19.0644	25.3227	-10.8423	0.00312245
9	18.8834	50.3203	5.92435	0.0013634
10	17.8488	60.1676	-21.4485	0.00423146
11	18.1661	24.376	-37.6744	0.00594987
12	17.9995	37.2356	-52.6429	0.00752042
13	18.6201	54.5618	-37.898	0.00598549
14	19.1076	52.1333	-19.3543	0.00401248
15	19.475	25.5138	-6.50841	0.00265465
16	19.0743	21.3051	11.9703	0.000717655
17	18.6895	20.9097	10.8881	0.000829303
18	19.0202	58.0594	16.7661	0.000217115
19	19.2293	55.3898	26.575	-0.000797949
20	18.773	26.6671	25.1629	-0.000650132
21	18.8188	28.1351	27.1294	-0.000864809
22	19.2077	22.2443	29.195	-0.00106878
23	18.9848	30.4821	30.4231	-0.00119957
24	18.7416	27.4552	28.2203	-0.00098006
25	19.2589	60.45	28.0112	-0.000946367
26	19.1219	20.4204	27.9648	-0.000935717
27	18.9586	31.2843	27.9405	-0.000937361
28	18.9023	28.1089	25.8184	-0.000717113
29	19.1031	20.4202	26.092	-0.000741773
30	18.8137	31.4773	24.1177	-0.000535413
31	19.1116	20.1484	23.7025	-0.000489014
32	18.8383	22.5605	22.7281	-0.000388347
33	18.3221	19.9521	22.597	-0.000377444
34	18.3555	19.7706	20.2263	-0.000136865
35	17.8848	21.0244	19.0549	-1.83432e-05
36	17.9973	19.4541	15.962	0.000298529
37	18.0434	61.6237	15.3143	0.000362994
38	18.1726	46.2846	14.4628	0.000447414
39	18.6406	44.6499	14.2712	0.000465493
40	18.1806	19.7845	13.5431	0.000540015
41	17.8276	18.9856	12.413	0.000653234
42	17.937	44.0961	11.0689	0.000788775
43	18.2924	19.2403	10.1147	0.000884371
44	18.0847	22.1225	9.32795	0.000962462
45	18.3475	56.2245	9.00299	0.000995245
46	18.2455	19.541	8.88315	0.00100507
47	18.6224	62.0584	8.53896	0.00103981
48	17.9553	27.2688	7.74287	0.00111908
49	18.3242	19.4774	8.0928	0.00108233
50	18.5535	50.915	8.67579	0.00102264
51	18.8608	26.5259	8.91267	0.000997075
52	18.3943	19.8934	9.38076	0.000948203
53	18.5488	42.0439	9.77751	0.000906784
54	18.4829	36.4455	10.1829	0.000864239
55	18.4037	19.4865	10.2292	0.000859099
56	17.976	19.5704	9.74383	0.000906415
57	18.1396	19.3313	9.35567	0.000944624
58	17.4214	28.5987	8.82979	0.000996347
59	18.0441	19.6602	8.66004	0.0010121
60	17.7739	21.2938	8.44005	0.00103282
61	17.6672	52.6612	8.4273	0.00103246
62	17.6876	25.9766	7.9099	0.00108301
63	18.3536	31.325	8.55995	0.00101617
64	18.0103	19.5123	8.4404	0.00102705
65	18.487	18.9834	8.59166	0.00101057
66	18.6303	19.7576	8.74829	0.000993389
67	18.3487	19.6175	8.91056	0.000975347
68	18.4552	19.0077	9.31387	0.000933765
69	18.4875	21.5476	9.91341	0.000872267
70	18.4101	24.2158	10.7702	0.000786034
71	18.3383	43.5926	11.2013	0.00074313
72	17.4955	22.005	10.7694	0.000783838
73	17.9145	27.2848	10.6787	0.000790925
74	18.0359	48.4103	11.0952	0.000748624
75	18.1231	29.9663	11.4209	0.000715364
76	17.9625	22.2907	11.4791	0.000707955
77	18.0014	19.2788	11.2599	0.000728361
78	18.3512	19.4401	11.5321	0.000700674
79	18.2027	19.0198	11.9982	0.000654316
80	18.2228	18.8484	12.2666	0.000626382
81	18.6497	23.1292	12.3464	0.000617739
82	18.265	18.7702	12.7249	0.00058041
83	18.1221	18.9228	12.7943	0.000572884
84	17.5105	18.6172	12.508	0.000599695
85	17.8992	27.9412	12.3024	0.000618323
86	17.4369	23.26	12.081	0.000639266
87	17.3988	19.2877	11.8882	0.000657321
88	17.2185	28.5688	11.6493	0.000679193
89	17.1889	38.9138	11.359	0.00070549
90	18.1683	56.6867	11.6242	0.000679654
91	17.7636	51.5837	11.5531	0.000684695
92	17.7803	21.6452	11.4243	0.000695212
93	17.495	18.7591	11.0768	0.000729337
94	17.6065	55.6167	11.0791	0.000727828
95	18.0714	18.9673	11.1853	0.000715899
96	17.6292	19.2833	11.0523	0.000728358
97	18.0637	65.8093	11.1589	0.000716412
98	17.7484	19.3793	11.206	0.000710533
99	17.3746	28.7752	10.9543	0.000735127
100	17.7673	21.5883	11.01	0.000728574
101	17.4784	18.7754	10.8094	0.00074743
102	15.9636	18.4815	10.6638	0.000760888
103	17.8176	28.9098	10.7819	0.000747989
104	17.8672	21.7794	10.9564	0.000729637
105	17.3745	28.7116	10.7797	0.000745992
106	17.5707	58.4443	10.6589	0.000756899
107	17.7043	22.756	10.7951	0.00074232
108	17.0569	18.7621	10.6312	0.000757472
109	17.3476	24.5544	10.5425	0.000765184
110	17.268	19.0745	10.4713	0.000771232
111	17.7443	29.0182	10.5924	0.000757863
112	17.2907	22.6816	10.4432	0.000771815
113	17.2197	58.837	10.3881	0.000775894
114	18.1953	28.5456	10.415	0.000772411
115	17.846	19.5376	10.7526	0.000737804
116	17.4407	32.7442	10.6802	0.000743791
117	17.4419	31.6646	10.6309	0.0007474
118	17.6617	19.3639	10.7368	0.000735991
119	17.187	18.9191	10.5621	0.000752111
120	17.3037	18.6487	10.5122	0.000755842
121	17.6802	19.2581	10.5764	0.000748519
122	17.554	18.3618	10.6832	0.000737071
123	17.8125	28.5316	10.7855	0.00072601
124	17.4593	19.4007	10.7418	0.000729461
125	17.7711	19.816	10.8254	0.000720177
126	17.5327	20.0967	10.8386	0.000717888
127	17.329	23.5085	10.7837	0.000722243
128	17.1104	18.2928	10.6787	0.000731515
129	17.3169	26.9048	10.6353	0.000734897
130	16.8807	25.4514	10.547	0.000742535
131	17.265	32.3017	10.5171	0.00074437
132	16.9542	18.5841	10.4284	0.000752011
133	16.9958	40.1773	10.347	0.000758775
134	17.1384	28.7817	10.3072	0.00076142
135	16.9337	27.8547	10.2107	0.000769983
136	17.26	20.1697	10.2228	0.000767788
137	17.0603	17.9899	10.1435	0.000774368
138	16.8786	28.5449	10.0972	0.000777698
139	16.9068	65.3923	10.0401	0.000782144
140	16.9256	18.8114	9.96905	0.000788045
141	16.5798	24.0373	9.85796	0.000797679
142	16.7901	28.3406	9.78589	0.00080368
143	17.195	27.0969	9.82403	0.000798819
144	17.4021	24.0821	9.86713	0.000793647
145	17.4786	28.1658	9.92732	0.000786735
146	17.0643	18.6878	9.95298	0.000783141
147	17.0303	18.4129	9.9197	0.000785338
148	17.2719	19.9624	9.94602	0.000781787
149	16.8914	20.4611	9.9173	0.00078345
