generation	best_fitness	median_fitness	predicted_fitness	fitness_progress
0	16.6103	22.7195	0	0
1	16.5806	27.7403	1.75195	0.00178867
2	16.4592	17.8706	-21.3039	0.00457818
3	16.8698	26.2151	1.69264	0.00179188
4	16.5156	28.6477	4.68075	0.0014301
5	16.5156	26.1051	7.0271	0.00114612
6	16.5102	28.6811	10.4096	0.000737646
7	16.45	27.7293	5.61766	0.00131201
8	16.46	24.7962	7.52096	0.00108204
9	16.7531	41.379	8.07555	0.0010139
10	16.4742	25.2496	10.3282	0.000742647
11	16.7533	28.1838	12.1529	0.000522537
12	16.9121	17.4892	13.0272	0.000417005
13	16.6158	27.1903	15.3799	0.000138499
14	16.5615	17.6785	17.3423	-9.43493e-05
15	16.915	22.0848	19.5283	-0.000353146
16	16.44	19.9057	17.3455	-9.43404e-05
17	16.6206	17.5971	18.477	-0.000227004
18	16.715	22.3013	20.1424	-0.000424287
19	16.7573	20.1163	21.3635	-0.000566848
20	16.6882	24.7908	21.3784	-0.000566149
21	16.8436	20.9165	21.9053	-0.000627486
22	16.5593	17.264	21.3972	-0.000565829
23	16.3605	17.9536	20.0544	-0.000407532
24	16.8084	25.2787	20.4974	-0.000457271
25	16.7601	28.3742	21.4287	-0.000565236
26	16.6029	28.0458	20.7531	-0.000485262
27	16.7965	17.2901	20.9491	-0.000506136
28	16.6549	17.9585	20.4285	-0.000445261
29	16.7912	17.3149	21.2141	-0.000535
30	16.2026	17.5088	20.4433	-0.000445063
31	16.3566	19.8269	19.8382	-0.000375369
32	15.9333	17.1182	19.4948	-0.000335843
33	16.4992	18.0085	18.5576	-0.000226315
34	16.2846	22.3399	18.0525	-0.000166627
35	16.5111	22.4856	17.3045	-8.23384e-05
36	16.1581	19.3953	15.9212	7.49583e-05
37	16.3526	19.8957	14.7465	0.000211166
38	16.519	16.9398	14.4939	0.000241575
39	16.5883	27.6196	14.6405	0.000224027
40	16.4531	17.0582	14.3656	0.000255654
41	16.5144	20.4553	14.8356	0.000200255
42	16.4721	17.3324	14.46	0.000243774
43	16.5243	17.613	14.6257	0.000224128
44	16.2066	25.2949	14.3486	0.000255784
45	16.3114	23.9832	13.9665	0.000300042
46	16.1965	16.8922	13.2625	0.00038084
47	16.3342	22.5635	13.0093	0.000409331
48	16.4111	40.6329	13.2498	0.000380985
49	16.3253	27.999	13.0946	0.000398053
50	16.4002	20.4596	13.016	0.000407093
51	16.4195	35.7061	13.3613	0.000366032
52	16.3879	23.5369	13.0415	0.000402782
53	16.6118	38.7533	13.3742	0.00036354
54	16.6652	24.682	13.4552	0.000353408
55	16.5086	17.8686	13.5137	0.000345955
56	16.5333	17.5572	13.5855	0.000337152
57	16.6748	17.2957	13.7159	0.000322084
58	16.4475	17.2207	13.9364	0.000296385
59	16.4823	27.9946	14.1248	0.000274553
60	16.3674	17.0064	14.0889	0.000277956
61	16.4739	28.4044	14.2402	0.000260385
62	16.8631	27.1867	14.3792	0.00024437
63	16.4711	17.5133	14.5515	0.000224631
64	16.7206	20.1223	14.7636	0.000200502
65	16.4362	28.2167	14.9591	0.000178015
66	16.7144	17.3388	15.0336	0.000169428
67	16.7018	17.3829	15.148	0.000156373
68	16.4393	17.2647	15.1586	0.000155
69	16.1248	16.9031	15.1092	0.000160063
70	16.6017	19.511	15.1535	0.000155024
71	16.3704	27.5931	15.1493	0.000155052
72	16.2887	17.1412	15.131	0.00015659
73	16.3099	19.9044	15.0867	0.000160969
74	16.3679	26.9029	15.0496	0.000164701
75	16.0225	19.2867	15.0053	0.000169081
76	16.0036	16.7219	14.8908	0.000181509
77	16.0362	16.8307	14.7027	0.000201569
78	16.382	24.829	14.7491	0.000196704
79	16.0561	21.9882	14.6466	0.000207304
80	16.205	17.0056	14.5471	0.000218233
81	16.3416	22.2538	14.5598	0.000216258
82	16.1431	16.7157	14.4736	0.000225908
83	16.2211	20.0861	14.3922	0.000234394
84	15.7268	17.8281	14.3121	0.000242677
85	15.8598	40.6015	14.2507	0.000248678
86	15.9486	54.4992	14.1264	0.000261873
87	15.9194	21.0585	14.0519	0.000269067
88	16.1523	26.9908	13.9852	0.000275592
89	15.9093	27.7715	13.9196	0.000282335
90	16.0635	27.5655	13.7603	0.000299681
91	16.2576	24.7851	13.7912	0.000295816
92	16.1835	17.1302	13.726	0.000302403
93	15.8257	16.697	13.6322	0.000312121
94	15.9	21.9449	13.515	0.000324066
95	16.0057	19.6324	13.4009	0.0003363
96	15.8297	16.9568	13.3031	0.000346465
97	16.2496	24.5884	13.3899	0.000336413
98	16.2227	21.5332	13.4261	0.000331972
99	16.087	16.6892	13.3757	0.00033687
100	15.7163	17.003	13.2803	0.000346705
101	15.5446	19.0516	13.2372	0.000350742
102	16.0816	31.6223	13.1667	0.000357372
103	15.7401	17.1469	13.1214	0.000361772
104	15.8262	17.2687	13.052	0.000368841
105	16.0905	23.0572	13.0181	0.000371988
106	15.8442	16.8567	12.9598	0.000377809
107	15.892	16.665	12.9158	0.000382029
108	15.8156	27.3501	12.8338	0.000390398
109	15.9384	22.0653	12.7532	0.000398657
110	15.974	24.4702	12.6584	0.000408428
111	16.2629	54.2477	12.7402	0.000398816
112	15.9311	24.6001	12.6451	0.000408594
113	15.5891	24.3396	12.5458	0.000418734
114	15.9946	21.691	12.5128	0.000421734
115	15.8672	27.0615	12.4766	0.000424948
116	15.7554	22.689	12.3748	0.000435305
117	15.9189	68.3788	12.3174	0.000440941
118	15.6927	28.02	12.2666	0.000445759
119	15.4746	41.0819	12.1816	0.000454111
120	15.4945	26.9786	12.1121	0.000460778
121	15.4993	26.6783	12.0783	0.00046377
122	15.7955	27.0927	11.9785	0.000473556
123	15.7747	26.578	11.9173	0.000479585
124	15.41	27.3424	11.8104	0.000490457
125	16.0648	27.2082	11.8331	0.000487258
126	15.8248	21.5283	11.8146	0.000488627
127	15.806	18.9186	11.8277	0.000486629
128	15.7039	27.0734	11.7797	0.000490899
129	15.495	27.2184	11.7312	0.00049539
130	15.734	24.3197	11.6709	0.000501052
131	15.515	21.0232	11.5199	0.000516617
132	15.914	26.9733	11.5431	0.000513347
133	15.6402	27.2959	11.5031	0.000516884
134	15.6952	27.0509	11.4636	0.000520444
135	15.5098	26.8524	11.3537	0.000531391
136	15.541	23.8683	11.3144	0.000534799
137	15.6128	51.5037	11.2741	0.000538175
138	15.6545	20.1724	11.2645	0.000538536
139	15.8493	28.8926	11.3058	0.000533437
140	15.2638	21.6061	11.247	0.000538826
141	15.665	41.3718	11.2641	0.000536411
142	15.7893	27.4655	11.2831	0.000533551
143	16.0741	27.4844	11.2917	0.0005319
144	15.9929	27.7877	11.3272	0.000527309
145	16.384	28.0501	11.3694	0.000522069
146	16.01	25.0196	11.3778	0.000520423
147	16.1177	26.9699	11.4013	0.000517219
148	15.9405	18.8159	11.4642	0.000509894
149	15.8838	54.7129	11.5151	0.000503832
