pelvis_tilt.offset              	-0.045379723	-0.044287342	0.00086761142	
hip_flexion_r.offset            	0.14422902	0.14381443	0.001010404	
knee_angle_r.offset             	0.045131622	0.044982423	0.00087522783	
ankle_angle_r.offset            	0.081372315	0.07986417	0.00096570715	
hip_flexion_l.offset            	-0.0055724117	-0.0047872784	0.00087421222	
knee_angle_l.offset             	0.05878211	0.057790957	0.00087433676	
ankle_angle_l.offset            	-0.013912231	-0.013427	0.00085821663	
stance_load_threshold           	0.15921725	0.16037731	0.00089429987	
S11111.tib_ant.KL               	1.3532393	1.3557607	0.010499098	
S11111.tib_ant.L0               	0.74068936	0.73856533	0.0026474596	
S11111.tib_ant-soleus.KF        	-0.26218929	-0.26284617	0.0028780837	
S00111.soleus.KF                	0.97273295	0.97506513	0.0055574884	
S00111.gastroc.KF               	1.3346895	1.3367684	0.0055660585	
S00011.vasti.KF                 	1.0565543	1.0615285	0.0052782561	
S00011.vasti.C0                 	0.054097438	0.053774403	0.0005887848	
S00011.vasti-knee_angle.pos_max 	-0.082133377	-0.085317611	0.0015150953	
S00011.hamstrings-pelvis_tilt.KP	0.87614047	0.87575589	0.014562261	
S00011.hamstrings-pelvis_tilt.KV	0.49617217	0.49516865	0.0022312427	
S00011.hamstrings-pelvis_tilt.C0	-0.022042376	-0.022221787	0.00087434773	
S00011.glut_max-pelvis_tilt.KP  	0.97126808	0.96970335	0.017156324	
S00011.glut_max-pelvis_tilt.KV  	0.74130907	0.74434677	0.0035526717	
S00011.glut_max-pelvis_tilt.C0  	-0.0087868395	-0.0084282403	0.0010352897	
S00011.iliopsoas-pelvis_tilt.KP 	-1.9733216	-1.9671288	0.019200738	
S00011.iliopsoas-pelvis_tilt.KV 	-0.76520467	-0.76628785	0.0022871787	
S00011.iliopsoas-pelvis_tilt.C0 	0.18844944	0.1880095	0.0010150219	
S00100.iliopsoas.C0             	0.554676	0.55722307	0.0030033291	
S00100.glut_max.C0              	-0.28960806	-0.28959338	0.0023169543	
S11000.iliopsoas.KL             	0.14476278	0.15041714	0.0028196119	
S11000.iliopsoas.L0             	0.23964815	0.23368122	0.0047142025	
S11000.iliopsoas-pelvis_tilt.P0 	-0.12152654	-0.12092353	0.00083584054	
S11000.iliopsoas-pelvis_tilt.KP 	0.89394225	0.87845258	0.010251924	
S11000.iliopsoas-pelvis_tilt.KV 	0.34194842	0.33951457	0.002616674	
S11000.iliopsoas-hamstrings.KL  	-0.44127859	-0.43672428	0.025787823	
S11000.iliopsoas-hamstrings.L0  	0.85826109	0.85673373	0.0039094428	
S11000.hamstrings.KF            	-0.40615333	-0.40443325	0.0058630332	
S11000.glut_max.KF              	0.45032889	0.45561589	0.0031258971	
