generation	best_fitness	median_fitness	predicted_fitness	fitness_progress
0	22.3984	23.7629	0	0
1	21.9689	22.7401	-192.771	0.0195494
2	21.4844	22.4652	-207.028	0.0210485
3	21.5519	21.9704	-193.63	0.0199392
4	21.0779	22.3003	-143.99	0.0153031
5	21.0024	21.709	-122.046	0.0133162
6	20.9006	21.5175	-102.205	0.0115071
7	20.4694	21.2402	-102.386	0.0115715
8	20.5025	21.2641	-82.6997	0.00973
9	20.3634	20.9754	-80.1792	0.0095225
10	19.3928	20.9303	-83.1124	0.0098256
11	19.1967	20.5579	-103.369	0.0118457
12	18.21	19.7835	-112.635	0.0127941
13	17.5866	19.8163	-117.586	0.0133705
14	16.9112	19.3225	-120.869	0.0138048
15	16.9468	18.626	-124.076	0.0141999
16	16.5019	18.7209	-130.826	0.0149649
17	16.4049	18.3318	-151.024	0.0173008
18	13.4913	17.5878	-164.186	0.0188641
19	15.64	41.3281	-180.203	0.0206493
20	13.8838	18.8147	-191.815	0.0220146
21	13.6745	16.8522	-197.683	0.0228675
22	12.2987	17.138	-203.045	0.0237684
23	11.7836	16.0731	-209.885	0.0248302
24	13.156	17.5462	-203.912	0.0243471
25	10.8743	17.1347	-210.776	0.0254624
26	10.3572	15.8789	-227.67	0.0276908
27	10.4086	15.4157	-233.966	0.0288572
28	10.0509	27.8683	-237.856	0.0297056
29	11.6491	14.737	-234.944	0.0297146
30	7.22853	15.0487	-238.847	0.030615
31	9.55001	15.7087	-235.922	0.0306246
32	9.00691	13.8608	-232.66	0.0304345
33	7.75113	13.2434	-233.729	0.0310983
34	9.64872	14.3149	-231.353	0.031124
35	7.60743	13.8975	-224.14	0.0305173
36	11.2231	37.734	-219.949	0.0301007
37	7.8285	14.4243	-215.677	0.0300971
38	8.47047	13.6873	-214.912	0.0303484
39	9.98086	13.052	-210.929	0.0301346
40	11.2216	13.7664	-210.035	0.0301805
41	8.09796	14.4848	-209.828	0.0304878
42	8.84547	42.121	-207.743	0.0304831
43	9.54846	14.1964	-205.579	0.0302916
44	10.0433	13.2267	-202.236	0.0300649
45	8.13492	12.5514	-199.148	0.029955
46	11.1224	16.6551	-197.856	0.0300292
47	10.0592	12.879	-196.474	0.0301265
48	8.54491	15.0964	-195.16	0.0302249
49	7.80503	13.093	-187.431	0.0291601
50	8.95108	16.2702	-186.278	0.0292709
51	7.24742	14.2973	-183.138	0.0289313
52	9.60504	27.6549	-175.69	0.0277244
53	7.26428	15.1571	-171.433	0.0271312
54	7.35201	12.6545	-170.048	0.0271596
55	8.10162	12.0938	-169.224	0.0272439
56	7.30417	12.7307	-166.128	0.0267942
57	7.43785	12.6584	-158.681	0.0251705
58	8.01827	13.1038	-145.906	0.0232109
59	8.01668	10.2325	-134.985	0.021502
60	6.29174	12.5982	-129.356	0.0209954
61	6.6446	11.1557	-120.96	0.0196795
62	6.22279	20.8218	-117.503	0.0193287
63	7.20201	12.0845	-107.518	0.0178048
64	8.6684	13.7735	-103.135	0.0173478
65	6.92274	11.1169	-93.2651	0.0163957
66	7.38572	11.2578	-89.4256	0.0160185
67	7.72016	11.5955	-86.5788	0.015821
68	6.50495	12.4701	-79.8602	0.0149138
69	6.46067	12.5411	-78.1755	0.0146873
70	6.48709	12.339	-76.3957	0.014485
71	7.24485	11.168	-74.5633	0.0142119
72	6.427	8.63307	-72.5612	0.0139135
73	6.12795	8.53275	-71.0032	0.0136897
74	5.92343	9.29841	-68.9239	0.0134885
75	6.21807	9.78179	-66.4579	0.0131978
76	6.12739	12.2323	-63.8046	0.0128449
77	7.47631	12.6088	-62.4529	0.0127159
78	7.49544	9.88908	-61.3157	0.0125969
79	5.85668	9.23778	-59.5814	0.0124329
80	6.09987	7.80442	-56.7837	0.0120548
81	5.78127	14.3056	-55.7574	0.0119599
82	6.43374	11.1692	-54.7257	0.0118267
83	6.21752	12.3138	-54.0176	0.0117157
84	6.72451	10.2842	-53.0979	0.0116202
85	7.80004	12.3363	-52.6851	0.0115841
86	6.31274	9.69234	-51.5443	0.011464
87	6.49345	17.4408	-51.0409	0.0113921
88	7.47213	12.0374	-49.7693	0.0112027
89	5.98141	16.9402	-48.2719	0.0109598
90	7.31739	10.1768	-47.6904	0.0108302
91	7.57014	10.319	-45.7687	0.0105164
92	6.14765	12.0156	-43.7945	0.010157
93	8.06264	12.402	-42.7925	0.0100012
94	6.10675	11.9069	-41.5301	0.00980003
95	6.74564	15.4905	-40.8988	0.00971888
96	5.8134	9.02276	-40.2748	0.00959689
97	7.00752	9.78314	-40.0718	0.00958347
98	5.9208	9.46315	-39.6627	0.00950555
99	5.92517	38.1774	-38.942	0.00935875
100	5.9646	28.3178	-38.2191	0.00922819
101	7.77861	38.692	-37.6643	0.0091444
102	7.33509	12.2416	-37.1857	0.00902316
103	6.22526	10.6834	-37.0131	0.00899429
104	7.82714	34.0812	-36.0705	0.0088205
105	5.88393	9.39676	-35.4524	0.00873777
106	7.20429	19.373	-34.4001	0.00860383
107	5.96818	11.849	-33.0951	0.00843778
108	6.76317	14.4384	-32.6037	0.00837801
109	7.21861	9.93381	-31.5132	0.00819701
110	6.0415	9.46378	-31.187	0.00813051
111	6.15743	9.16548	-30.6201	0.00802944
112	6.70782	10.2505	-29.5957	0.00786247
113	6.05131	12.0123	-28.9577	0.00773912
114	0.607314	9.54947	-29.7339	0.00792478
115	6.12822	8.14522	-29.0934	0.00779948
116	6.94559	9.13033	-28.2806	0.00763268
117	7.10558	11.1952	-27.2233	0.00742521
118	6.69387	11.2493	-26.7742	0.00732018
119	6.6377	12.7623	-25.9668	0.00716545
120	6.87926	9.043	-25.4104	0.00707565
121	5.88713	11.0664	-25.0501	0.00699123
122	6.24118	9.15714	-24.5105	0.00683975
123	7.11514	15.8322	-24.1173	0.00677855
124	6.36747	8.56898	-23.0645	0.00661229
125	6.44841	7.94243	-21.4591	0.00627864
126	6.04514	7.65969	-20.2851	0.00602071
127	6.87638	9.18398	-19.6043	0.00587341
128	6.64067	8.33765	-19.2979	0.00582235
129	6.32983	8.48928	-18.121	0.00555641
130	6.33916	7.67913	-17.6814	0.00547756
131	6.05261	20.8692	-17.3935	0.0054322
132	6.33407	7.84156	-16.3047	0.00522481
133	6.31776	8.79845	-15.4157	0.00504145
134	6.10678	9.52668	-14.8055	0.00491077
135	6.76099	13.4017	-14.5924	0.00485305
136	6.68936	9.01115	-14.2892	0.00478203
137	6.52292	9.17525	-14.0135	0.00473705
138	6.63446	8.93517	-13.8986	0.00471711
139	6.80504	9.55598	-13.4526	0.0046232
140	7.30605	8.36413	-12.6075	0.00444714
141	6.62399	8.05537	-11.8827	0.00430026
142	6.86805	9.40489	-11.2649	0.00416962
143	6.08185	8.80865	-10.7911	0.00406244
144	6.30457	8.18888	-10.5821	0.00401815
145	6.53524	8.23186	-10.1859	0.0039439
146	6.69565	8.86827	-9.56007	0.00382483
147	6.17646	7.85756	-9.16993	0.00375056
148	5.94035	11.1466	-8.64261	0.00364571
149	6.49361	8.69131	-8.12846	0.00353848
