generation	best_fitness	median_fitness	predicted_fitness	fitness_progress
0	6.04739	12.9347	0	0
1	5.86491	11.0892	-85.3791	0.0311152
2	0.614784	9.30742	-1357.54	1.37678
3	6.07416	17.6312	-85.744	0.0321145
4	6.84251	11.2381	105.851	-0.0322532
5	6.90797	10.4057	153.632	-0.0459282
6	6.12439	10.2464	115.168	-0.0337872
7	7.33232	10.5463	109.946	-0.0311709
8	6.56129	8.114	97.6442	-0.0278564
9	6.85572	8.46089	70.3967	-0.0199764
10	6.4357	8.10932	60.243	-0.0168356
11	0.608781	7.89618	39.4091	-0.0103083
12	0.608757	8.06605	23.4823	-0.00543213
13	0.610384	9.36106	7.443	-0.000432786
14	0.709942	8.41606	-13.0956	0.00635258
15	0.702702	9.17194	-36.2412	0.0149095
16	0.707606	8.09065	-83.2802	0.0378319
17	0.658802	7.91613	-148.411	0.0874984
18	0.608989	6.6946	-169.069	0.10588
19	0.71691	8.27215	-185.042	0.109953
20	6.32955	8.25346	-105.588	0.056597
21	5.76325	8.01768	-19.8402	0.00911754
22	0.712923	8.36785	-19.8247	0.00922137
23	5.88347	8.05566	-19.5435	0.00904614
24	0.610862	6.9564	-12.6369	0.00648146
25	0.704934	7.44561	-10.3309	0.00809563
26	0.6633	6.63634	-15.1858	0.0296516
27	0.609158	6.73605	-17.6523	0.033101
28	0.607843	7.62826	-14.4151	0.0296467
29	0.609635	7.62818	-10.7188	0.0246249
30	5.67826	7.50451	-7.72897	0.019867
31	0.660693	6.94832	-7.47177	0.0192673
32	0.609938	6.86265	-6.80671	0.0178318
33	0.609557	9.04811	-5.52882	0.0153574
34	0.603345	6.72666	-5.00637	0.0143105
35	0.615807	10.6423	-4.12215	0.0125285
36	6.52161	10.8336	-3.59355	0.0112878
37	6.03308	8.80671	-3.19068	0.0102951
38	0.614857	8.35452	-2.87883	0.00953105
39	0.614858	6.09991	-2.64052	0.00890764
40	0.610555	8.15193	-2.38964	0.00829677
41	0.708481	7.44094	-2.0599	0.00749225
42	5.95208	7.49477	-1.9414	0.00721482
43	6.05237	7.59934	-1.7482	0.00669303
44	0.614638	6.48954	-1.45124	0.00587911
45	0.612057	6.80894	-1.35081	0.00562457
46	0.60703	5.89499	-1.33828	0.00560148
47	0.618964	40.1069	-1.26946	0.00542901
48	0.607466	6.36341	-1.20935	0.00527632
49	0.661774	6.73643	-1.06582	0.00488882
50	0.613849	9.92181	-0.932682	0.0045277
51	0.609037	5.93095	-0.827989	0.00422723
52	0.61144	12.2731	-0.723723	0.00393884
53	0.612559	6.22923	-0.695264	0.00385959
54	0.660417	38.777	-0.66613	0.00377708
55	0.607952	6.80078	-0.649479	0.00372809
56	0.604905	6.97045	-0.562484	0.00348775
57	0.607061	9.75163	-0.51931	0.00336985
58	0.65505	7.21858	-0.43378	0.00312861
59	0.602267	6.70461	-0.29955	0.00275362
60	0.652695	6.33174	-0.209116	0.00249065
61	0.60354	6.62779	-0.194043	0.00244711
62	0.600007	8.20688	-0.164777	0.00236377
63	0.60269	9.34296	-0.107879	0.00219788
64	0.602525	5.83148	-0.0981675	0.00216766
65	0.61007	33.3477	-0.0813538	0.00211708
66	0.703395	6.55769	-0.064882	0.00206741
67	0.652292	29.5793	-0.0284528	0.00195896
68	0.601104	6.85691	-0.0282775	0.00195681
69	5.72443	20.0383	0.0129642	0.00183489
70	0.609808	6.77845	0.0390864	0.00175725
71	0.605255	7.14884	0.0604475	0.0016933
72	0.602326	33.4734	0.0319504	0.0017746
73	0.600761	16.7778	0.0182288	0.00181277
74	0.597927	6.44332	0.0267267	0.00178629
75	0.605631	6.01168	0.0376523	0.00175272
76	0.603849	19.4996	0.0557895	0.00169799
77	0.603051	6.54576	0.138824	0.00145331
78	0.604347	6.6026	0.184432	0.0013171
79	0.60109	6.48367	0.193829	0.00128721
80	0.601696	3.37266	0.221573	0.00120242
81	0.604871	12.9769	0.286707	0.00100335
82	0.602889	6.65257	0.312443	0.000923338
83	0.600493	3.24775	0.322578	0.000891053
84	0.603925	6.88735	0.33439	0.000853921
85	0.706108	7.06093	0.338441	0.000840256
86	0.611946	6.14865	0.356953	0.0007832
87	0.607015	5.8699	0.371308	0.000738464
88	0.612769	5.7011	0.376029	0.000722833
89	0.605064	6.57815	0.37975	0.000710524
90	0.603913	5.64892	0.392973	0.000668979
91	0.60318	5.75093	0.396998	0.000657003
92	0.608322	5.99419	0.408031	0.000623147
93	0.602895	6.33369	0.412482	0.000608565
94	0.605192	0.608613	0.418405	0.000589376
95	0.604091	0.608582	0.426625	0.000563987
96	0.601204	5.9127	0.432805	0.000545356
97	0.604137	5.71493	0.438194	0.000527934
98	0.604741	3.16815	0.442276	0.000514829
99	0.608175	0.706573	0.443372	0.000510647
100	0.608663	9.37405	0.450464	0.000488327
101	0.603765	0.612207	0.457957	0.000464204
102	0.603902	5.82736	0.461276	0.000453256
103	0.603184	5.92987	0.466689	0.000436246
104	0.603855	5.76262	0.473204	0.000416441
105	0.604858	5.81004	0.473357	0.000415413
106	0.605629	0.614036	0.480104	0.000394243
107	0.604753	3.14012	0.481312	0.00039027
108	0.604097	5.65351	0.482266	0.000386952
109	0.604456	0.612027	0.487159	0.000371655
110	0.605777	0.704473	0.492431	0.000355122
111	0.605462	0.608715	0.498179	0.000337004
112	0.602596	3.12072	0.503118	0.000321551
113	0.607818	0.609878	0.506308	0.000311252
114	0.605749	5.90693	0.508539	0.00030411
115	0.605473	0.610949	0.512431	0.00029189
116	0.604055	0.633323	0.515857	0.000281205
117	0.604793	0.656068	0.518803	0.000271914
118	0.605122	0.616957	0.520877	0.000265379
119	0.604522	0.611366	0.523387	0.000257772
120	0.603851	5.80468	0.527026	0.000246807
121	0.602455	0.608425	0.528827	0.000241073
122	0.60404	0.633017	0.530785	0.000234931
123	0.604156	3.15833	0.532799	0.000228188
124	0.604906	3.20965	0.534482	0.000222597
125	0.605109	0.610636	0.537179	0.000214637
126	0.606188	0.615876	0.539783	0.000206369
127	0.604877	0.615173	0.541597	0.000200805
128	0.603081	0.607959	0.543643	0.00019424
129	0.602389	0.610787	0.544589	0.000190973
130	0.604798	5.6236	0.545388	0.000188324
131	0.603897	0.6096	0.546893	0.000183252
132	0.602452	0.612639	0.546389	0.000184403
133	0.602478	0.605765	0.546112	0.000184891
134	0.603018	0.605595	0.549284	0.000175137
135	0.60262	5.75665	0.549485	0.000174286
136	0.604003	3.17874	0.549782	0.000173137
137	0.601873	0.606237	0.55126	0.000168322
138	0.601869	5.64537	0.551163	0.00016815
139	0.601951	0.605128	0.551308	0.000167327
140	0.603735	5.90143	0.551889	0.000165255
141	0.603626	0.652156	0.552994	0.000161736
142	0.603939	3.12669	0.555291	0.000154297
143	0.603319	0.606775	0.555949	0.000152102
144	0.60381	0.610507	0.556936	0.000148888
145	0.60406	0.654394	0.558228	0.000144599
146	0.603917	0.607425	0.55906	0.000142062
147	0.604238	0.60727	0.560103	0.000138822
148	0.602894	0.606698	0.563806	0.000127484
149	0.601395	0.605181	0.563849	0.000126841
