pelvis_tilt.offset                  	-0.075424791	-0.080127977	0.0029085293	
hip_flexion_r.offset                	0.13928438	0.14256261	0.0032198452	
knee_angle_r.offset                 	0.048973088	0.047856902	0.0028393889	
ankle_angle_r.offset                	0.096012817	0.097294312	0.0031121959	
hip_flexion_l.offset                	0.014858716	0.013105496	0.0028556856	
knee_angle_l.offset                 	0.047583975	0.044019902	0.0029513178	
ankle_angle_l.offset                	-0.012944591	-0.011139304	0.0030148867	
leg0_l.stance_load_threshold        	0.16115913	0.16111602	0.002873515	
leg1_r.stance_load_threshold        	0.1795934	0.18032266	0.0028643181	
S11111.tib_ant_l.KL                 	1.5306471	1.5858055	0.033221696	
S11111.tib_ant_l.L0                 	0.81207328	0.80380671	0.0081008948	
S11111.tib_ant_l-soleus_l.KF        	-0.40954646	-0.41260986	0.0098669258	
S11111.tib_ant_r.KL                 	1.4939504	1.5243585	0.033890672	
S11111.tib_ant_r.L0                 	0.77037613	0.76232809	0.0080300698	
S11111.tib_ant_r-soleus_r.KF        	-0.29904721	-0.30980724	0.0097674274	
S00111.soleus_l.KF                  	0.86142679	0.84419861	0.019845004	
S00111.gastroc_l.KF                 	1.2899725	1.2765796	0.017498233	
S00111.soleus_r.KF                  	0.93255471	0.9586568	0.018172576	
S00111.gastroc_r.KF                 	1.2927284	1.2963848	0.017295587	
S00011.vasti_l.KF                   	1.0378005	1.0531606	0.01674117	
S00011.vasti_l.C0                   	0.03729669	0.036077069	0.0018666229	
S00011.vasti_l-knee_angle.pos_max   	-0.035676986	-0.032434379	0.0050629862	
S00011.hamstrings_l-pelvis_tilt_l.KP	0.53679498	0.4864594	0.05385362	
S00011.hamstrings_l-pelvis_tilt_l.KV	0.44668028	0.4565834	0.0073930856	
S00011.hamstrings_l-pelvis_tilt_l.C0	-0.013424241	-0.015531456	0.002776928	
S00011.glut_max_l-pelvis_tilt_l.KP  	0.78240522	0.79348982	0.054525348	
S00011.glut_max_l-pelvis_tilt_l.KV  	0.93562207	0.93081617	0.011960786	
S00011.glut_max_l-pelvis_tilt_l.C0  	-0.0089427992	-0.0095386362	0.003379747	
S00011.iliopsoas_l-pelvis_tilt_l.KP 	-1.5628882	-1.5763001	0.065577774	
S00011.iliopsoas_l-pelvis_tilt_l.KV 	-0.71340306	-0.72504432	0.0070410557	
S00011.iliopsoas_l-pelvis_tilt_l.C0 	0.19439039	0.19469869	0.0032701272	
S00011.vasti_r.KF                   	1.0760477	1.0789837	0.018354538	
S00011.vasti_r.C0                   	0.040132964	0.039903626	0.0019601149	
S00011.vasti_r-knee_angle.pos_max   	-0.083972794	-0.089725828	0.0050562456	
S00011.hamstrings_r-pelvis_tilt_r.KP	1.3582333	1.329054	0.054087119	
S00011.hamstrings_r-pelvis_tilt_r.KV	0.56741059	0.56413736	0.0074711152	
S00011.hamstrings_r-pelvis_tilt_r.C0	0.012354994	0.014337849	0.0029267143	
S00011.glut_max_r-pelvis_tilt_r.KP  	1.1921818	1.1974252	0.053592061	
S00011.glut_max_r-pelvis_tilt_r.KV  	0.85431792	0.85018478	0.011682295	
S00011.glut_max_r-pelvis_tilt_r.C0  	-0.01425836	-0.021823662	0.0034497648	
S00011.iliopsoas_r-pelvis_tilt_r.KP 	-2.107376	-2.1042462	0.0640922	
S00011.iliopsoas_r-pelvis_tilt_r.KV 	-0.70554006	-0.69356594	0.0070265382	
S00011.iliopsoas_r-pelvis_tilt_r.C0 	0.23134417	0.23617486	0.0034631625	
S00100.iliopsoas_l.C0               	0.55383599	0.55265525	0.0097993241	
S00100.glut_max_l.C0                	-0.32758725	-0.3155696	0.0072680759	
S00100.iliopsoas_r.C0               	0.58751375	0.60667362	0.010231986	
S00100.glut_max_r.C0                	-0.27086112	-0.26446073	0.0072277579	
S11000.iliopsoas_l.KL               	0.18438032	0.19098797	0.0092380651	
S11000.iliopsoas_l.L0               	0.013410698	0.033529778	0.016859143	
S11000.iliopsoas_l-pelvis_tilt_l.P0 	-0.12271545	-0.12550267	0.0029681101	
S11000.iliopsoas_l-pelvis_tilt_l.KP 	0.62372675	0.69198555	0.03535858	
S11000.iliopsoas_l-pelvis_tilt_l.KV 	0.2962121	0.30596095	0.008090424	
S11000.iliopsoas_l-hamstrings_l.KL  	-0.52109433	-0.50334124	0.085580181	
S11000.iliopsoas_l-hamstrings_l.L0  	0.87835224	0.88956964	0.014793809	
S11000.hamstrings_l.KF              	-0.38665156	-0.37186227	0.020633536	
S11000.glut_max_l.KF                	0.46864768	0.4620105	0.010692831	
S11000.iliopsoas_r.KL               	0.13915607	0.15008294	0.009124728	
S11000.iliopsoas_r.L0               	0.20075583	0.18310234	0.016852673	
S11000.iliopsoas_r-pelvis_tilt_r.P0 	-0.12938431	-0.13163799	0.0031222187	
S11000.iliopsoas_r-pelvis_tilt_r.KP 	0.84084835	0.86601489	0.033945192	
S11000.iliopsoas_r-pelvis_tilt_r.KV 	0.32648714	0.32262468	0.0082637124	
S11000.iliopsoas_r-hamstrings_r.KL  	-0.33870935	-0.31289503	0.085443481	
S11000.iliopsoas_r-hamstrings_r.L0  	1.0810246	1.0838913	0.014175038	
S11000.hamstrings_r.KF              	-0.29454833	-0.32784928	0.02024006	
S11000.glut_max_r.KF                	0.35568786	0.36557013	0.011035978	
