pelvis_tilt.offset                  	-0.050090106	-0.049134113	0.0024066563	
hip_flexion_r.offset                	0.12294373	0.11796223	0.0024407819	
knee_angle_r.offset                 	0.041771463	0.042016495	0.0022558649	
ankle_angle_r.offset                	0.060788539	0.062071427	0.0024152516	
hip_flexion_l.offset                	0.05175733	0.0502778	0.0023323941	
knee_angle_l.offset                 	0.080977922	0.079269518	0.0022863802	
ankle_angle_l.offset                	-0.028067048	-0.030572042	0.0024191389	
leg0_l.stance_load_threshold        	0.14893283	0.14721856	0.0023830059	
leg1_r.stance_load_threshold        	0.18275598	0.18519155	0.0023682348	
S11111.tib_ant_l.KL                 	1.754819	1.7878442	0.02687687	
S11111.tib_ant_l.L0                 	0.77335484	0.76661184	0.0060900074	
S11111.tib_ant_l-soleus_l.KF        	-0.32350935	-0.34363444	0.0073301504	
S11111.tib_ant_r.KL                 	1.8314647	1.8517742	0.026830963	
S11111.tib_ant_r.L0                 	0.63378166	0.63945685	0.0071612235	
S11111.tib_ant_r-soleus_r.KF        	-0.18278485	-0.16618732	0.0073659971	
S00111.soleus_l.KF                  	0.9655272	0.99300061	0.015513228	
S00111.gastroc_l.KF                 	1.2980293	1.2970909	0.014914915	
S00111.soleus_r.KF                  	0.94105692	0.94198547	0.015112618	
S00111.gastroc_r.KF                 	1.254572	1.2748701	0.013383075	
S00011.vasti_l.KF                   	0.92533969	0.92962019	0.014645082	
S00011.vasti_l.C0                   	0.05594296	0.054490502	0.0015352564	
S00011.vasti_l-knee_angle.pos_max   	-0.080405667	-0.084649271	0.0040480804	
S00011.hamstrings_l-pelvis_tilt_l.KP	0.75176259	0.82247268	0.041837358	
S00011.hamstrings_l-pelvis_tilt_l.KV	0.46492688	0.46672705	0.0058846048	
S00011.hamstrings_l-pelvis_tilt_l.C0	-0.024845252	-0.025953606	0.0022431388	
S00011.glut_max_l-pelvis_tilt_l.KP  	0.73776419	0.66236902	0.044050415	
S00011.glut_max_l-pelvis_tilt_l.KV  	0.79234952	0.80344593	0.0080149523	
S00011.glut_max_l-pelvis_tilt_l.C0  	-0.015829309	-0.017752031	0.0026908347	
S00011.iliopsoas_l-pelvis_tilt_l.KP 	-2.485162	-2.4683682	0.048503483	
S00011.iliopsoas_l-pelvis_tilt_l.KV 	-0.72945944	-0.73118717	0.0058218349	
S00011.iliopsoas_l-pelvis_tilt_l.C0 	0.22636634	0.22922897	0.002617716	
S00011.vasti_r.KF                   	1.0727829	1.0780408	0.014507028	
S00011.vasti_r.C0                   	0.028043195	0.03033934	0.001540722	
S00011.vasti_r-knee_angle.pos_max   	-0.028764201	-0.031656708	0.0038913611	
S00011.hamstrings_r-pelvis_tilt_r.KP	0.73929743	0.72856256	0.041050131	
S00011.hamstrings_r-pelvis_tilt_r.KV	0.49232061	0.48303233	0.0058169196	
S00011.hamstrings_r-pelvis_tilt_r.C0	0.0028009276	0.0045871888	0.002299525	
S00011.glut_max_r-pelvis_tilt_r.KP  	1.0016733	1.0262948	0.042605979	
S00011.glut_max_r-pelvis_tilt_r.KV  	0.62626563	0.63737368	0.0080652065	
S00011.glut_max_r-pelvis_tilt_r.C0  	-0.05121713	-0.047513786	0.0026663359	
S00011.iliopsoas_r-pelvis_tilt_r.KP 	-2.8368832	-2.8990517	0.049122937	
S00011.iliopsoas_r-pelvis_tilt_r.KV 	-0.67197049	-0.67844346	0.0055947898	
S00011.iliopsoas_r-pelvis_tilt_r.C0 	0.25497627	0.25018528	0.0027075154	
S00100.iliopsoas_l.C0               	0.40855841	0.40556588	0.0074792442	
S00100.glut_max_l.C0                	-0.15619476	-0.1602545	0.0057019461	
S00100.iliopsoas_r.C0               	0.51925979	0.52078217	0.007386928	
S00100.glut_max_r.C0                	-0.26125207	-0.26580715	0.0056796835	
S11000.iliopsoas_l.KL               	0.17007469	0.17154639	0.0074692057	
S11000.iliopsoas_l.L0               	0.046259008	0.064898353	0.014106815	
S11000.iliopsoas_l-pelvis_tilt_l.P0 	-0.13247668	-0.13367974	0.0023750928	
S11000.iliopsoas_l-pelvis_tilt_l.KP 	1.1884716	1.1232127	0.026837766	
S11000.iliopsoas_l-pelvis_tilt_l.KV 	0.18624969	0.18867685	0.0066096863	
S11000.iliopsoas_l-hamstrings_l.KL  	-0.83835422	-0.90254129	0.072733326	
S11000.iliopsoas_l-hamstrings_l.L0  	0.74427617	0.7469549	0.0114573	
S11000.hamstrings_l.KF              	-0.44790627	-0.46385065	0.014999182	
S11000.glut_max_l.KF                	0.38604177	0.37704745	0.0088621421	
S11000.iliopsoas_r.KL               	0.20735323	0.19576872	0.00747768	
S11000.iliopsoas_r.L0               	0.1655621	0.14797708	0.013768005	
S11000.iliopsoas_r-pelvis_tilt_r.P0 	-0.11653411	-0.11740651	0.0023607668	
S11000.iliopsoas_r-pelvis_tilt_r.KP 	1.4113834	1.4114414	0.027330239	
S11000.iliopsoas_r-pelvis_tilt_r.KV 	0.30309077	0.30946245	0.006630764	
S11000.iliopsoas_r-hamstrings_r.KL  	-1.3493901	-1.2963282	0.076385325	
S11000.iliopsoas_r-hamstrings_r.L0  	0.89072326	0.90367235	0.011273915	
S11000.hamstrings_r.KF              	-0.42166587	-0.42050168	0.015119848	
S11000.glut_max_r.KF                	0.50858627	0.51885712	0.0090434333	
