generation	best_fitness	median_fitness	predicted_fitness	fitness_progress
0	0.838009	12.0814	0	0
1	0.806445	6.83928	-14.9756	0.0391398
2	0.820062	24.8051	-3.66672	0.010883
3	0.798792	0.830097	-4.70968	0.0135604
4	0.816806	3.36743	-1.84092	0.00648481
5	0.811086	0.826783	-0.684951	0.00366195
6	0.798101	0.834157	-1.29088	0.00514681
7	0.804526	3.38621	-0.792548	0.00392401
8	0.786885	0.829736	-1.37213	0.00535373
9	0.796457	61.9072	-0.961399	0.00433906
10	0.790484	0.816269	-1.05813	0.00458076
11	0.78583	0.813271	-1.25256	0.00505558
12	0.763732	0.797566	-1.30075	0.00517647
13	0.760914	7.43354	-1.42933	0.00550657
14	0.758834	8.49829	-1.63601	0.00604402
15	0.754558	0.776191	-1.76482	0.00637954
16	0.747827	0.778753	-1.78621	0.00644206
17	0.739048	6.87218	-1.90007	0.00673294
18	0.676926	3.27241	-1.97391	0.00692377
19	0.674975	0.751033	-2.05032	0.00713211
20	0.721499	47.3168	-2.10583	0.0072902
21	0.668783	17.0196	-2.16895	0.00745863
22	0.68435	14.8988	-2.26886	0.00773197
23	0.730116	6.23916	-2.18049	0.00751468
24	0.72244	0.76814	-2.12845	0.00739807
25	0.668882	0.742649	-2.19202	0.00757158
26	0.712872	0.734455	-2.13976	0.00745321
27	0.676767	11.5748	-2.20356	0.00762935
28	0.666013	0.748377	-2.27891	0.00784576
29	0.65848	45.2089	-2.35097	0.0080522
30	0.663103	19.7201	-2.29071	0.00790781
31	0.665992	3.54571	-2.26288	0.00784192
32	0.685469	14.3213	-2.26241	0.00785585
33	0.674358	6.64604	-2.22852	0.00778294
34	0.659719	10.0123	-2.22558	0.00778925
35	0.653641	0.727709	-2.18835	0.00769466
36	0.587443	0.710102	-2.23705	0.00785039
37	0.597535	5.84392	-2.24502	0.0078887
38	0.654532	15.3725	-2.22058	0.00783707
39	0.596895	23.5072	-2.23324	0.00788877
40	0.65993	25.0331	-2.21895	0.00786347
41	0.649894	0.732254	-2.17619	0.0077491
42	0.716915	64.114	-2.13038	0.00762384
43	0.669513	32.9122	-2.06241	0.00745657
44	0.64665	0.729108	-2.01109	0.00731964
45	0.594705	0.727362	-2.02842	0.00738398
46	0.655202	42.4641	-2.00507	0.00732734
47	0.645651	0.714421	-1.94557	0.00716437
48	0.587066	0.717775	-1.94222	0.00716569
49	0.699365	55.8548	-1.92154	0.00711928
50	0.593188	60.6234	-1.83073	0.0068697
51	0.584998	0.711805	-1.79553	0.00677672
52	0.636524	50.7319	-1.76822	0.00670902
53	0.593946	44.014	-1.76387	0.00670411
54	0.583372	0.713627	-1.74017	0.00664333
55	0.584455	8.60406	-1.68104	0.00647873
56	0.641471	32.2749	-1.66147	0.00643125
57	0.641435	0.707991	-1.64978	0.00640225
58	0.584534	54.5838	-1.64077	0.00638183
59	0.587583	51.9695	-1.58445	0.00623086
60	0.581245	47.9158	-1.50243	0.00600976
61	0.586095	0.712771	-1.49852	0.00599869
62	0.588487	11.1474	-1.49204	0.00598016
63	0.581742	0.592079	-1.46949	0.00592019
64	0.585209	38.4878	-1.39412	0.00571486
65	0.578918	0.664432	-1.37083	0.00565062
66	0.58872	0.648489	-1.35264	0.00559965
67	0.587186	0.704707	-1.29755	0.00544279
68	0.588694	0.635264	-1.23842	0.00528081
69	0.585834	6.68767	-1.21486	0.00521507
70	0.584131	7.06609	-1.17888	0.00511519
71	0.585018	0.710939	-1.13828	0.00501183
72	0.58487	25.5895	-1.06502	0.00481583
73	0.581047	0.640397	-1.02865	0.00471625
74	0.58163	0.590587	-0.974789	0.00455625
75	0.576528	0.593081	-0.937977	0.00445885
76	0.582556	34.8418	-0.919713	0.00441128
77	0.577681	0.649574	-0.903656	0.0043693
78	0.575737	61.553	-0.877406	0.00429922
79	0.580533	0.595894	-0.842774	0.00420208
80	0.577013	26.9892	-0.795809	0.00407766
81	0.572101	19.6139	-0.79629	0.00407884
82	0.575748	6.18892	-0.790015	0.00406266
83	0.573339	0.583921	-0.763097	0.00398483
84	0.574774	0.589857	-0.753537	0.00395714
85	0.574408	0.583861	-0.724936	0.0038793
86	0.577232	0.586412	-0.683289	0.00376836
87	0.572482	0.579629	-0.687439	0.00377873
88	0.572481	0.578727	-0.646083	0.00366422
89	0.573589	0.610058	-0.6326	0.00362674
90	0.57548	0.580489	-0.589717	0.00350517
91	0.57678	0.611915	-0.56508	0.00343802
92	0.576293	0.586785	-0.532493	0.00334452
93	0.574545	5.67288	-0.509655	0.00328011
94	0.566995	0.637473	-0.503884	0.00326175
95	0.571576	0.579503	-0.486136	0.00320981
96	0.570961	0.625734	-0.45898	0.00313257
97	0.570914	9.07498	-0.406621	0.00298797
98	0.569635	0.579088	-0.354069	0.00283789
99	0.573099	3.50038	-0.344129	0.00280772
100	0.570045	0.605589	-0.310424	0.00270905
101	0.56968	0.578206	-0.275002	0.00260747
102	0.572327	0.653906	-0.252404	0.00254085
103	0.570536	0.605465	-0.20579	0.00240515
104	0.566966	0.578463	-0.144412	0.00222792
105	0.570048	0.576479	-0.100467	0.00210073
106	0.570116	0.600275	-0.0882129	0.00206354
107	0.570427	30.8753	-0.0705265	0.00201119
108	0.567729	0.63311	-0.0256032	0.00188064
109	0.571047	59.4166	0.00645411	0.00178635
110	0.570446	6.95689	0.0506474	0.00165593
111	0.568901	0.576211	0.0742802	0.00158485
112	0.566641	0.571796	0.0963022	0.0015182
113	0.566267	14.0799	0.110075	0.00147574
114	0.568149	22.2325	0.119646	0.00144569
115	0.570137	0.603427	0.134819	0.00139872
116	0.570686	0.576444	0.146509	0.00136204
117	0.568551	0.579073	0.162018	0.00131394
118	0.57072	0.580787	0.166199	0.0013001
119	0.568772	0.57941	0.175591	0.00127063
120	0.572362	9.17571	0.189959	0.00122597
121	0.569855	0.57495	0.201383	0.00118969
122	0.57134	0.577786	0.212804	0.00115347
123	0.570992	0.604174	0.216835	0.00113966
124	0.570361	0.575921	0.224468	0.0011149
125	0.569562	0.575254	0.23476	0.0010826
126	0.570375	64.0774	0.241884	0.00105996
127	0.571411	0.577721	0.245553	0.00104787
128	0.57235	0.576745	0.254809	0.00101866
129	0.57146	0.576341	0.260438	0.00099999
130	0.57141	0.578991	0.267572	0.000976695
131	0.570835	0.575591	0.27317	0.000958105
132	0.570162	0.574986	0.277316	0.000944045
133	0.571101	0.575559	0.282595	0.000927942
134	0.569316	0.575448	0.286954	0.000914632
135	0.570172	0.624892	0.29047	0.000902867
136	0.569363	0.600201	0.294566	0.000889352
137	0.567024	0.575352	0.299509	0.000873402
138	0.568338	0.570154	0.302289	0.000864128
139	0.56641	0.59615	0.302594	0.000862275
140	0.565736	6.46524	0.307359	0.000846655
141	0.567175	64.343	0.315321	0.000821704
142	0.563117	14.5686	0.316902	0.000816504
143	0.564385	22.5182	0.321963	0.000800166
144	0.564658	0.572038	0.327075	0.000783645
145	0.566736	0.572295	0.330576	0.00077303
146	0.566205	0.569881	0.335313	0.000758562
147	0.565159	0.596492	0.338747	0.000747102
148	0.566741	27.0245	0.342347	0.00073516
149	0.567187	0.572698	0.346721	0.000720614
