generation	best_fitness	median_fitness	predicted_fitness	fitness_progress
0	389.312	398.239	0	0
1	385.393	394.481	-1574.2	0.0101693
2	382.619	390.549	-1290.81	0.00870916
3	378.518	385.441	-1380.34	0.00920556
4	373.611	379.515	-1505.07	0.0098935
5	369.088	379.566	-1681.15	0.0108633
6	364.774	372.315	-1805.76	0.0115569
7	361.619	368.456	-1745.37	0.0112795
8	353.079	363.074	-1827.2	0.0117592
9	351.29	356.258	-1876.38	0.0120698
10	343.354	353.421	-1888.15	0.0121826
11	345.47	350.524	-1885.29	0.0122173
12	344.679	349.545	-1844.66	0.0120424
13	341.029	347.653	-1770.65	0.0116745
14	335.927	343.23	-1749.93	0.0115971
15	333.809	341.277	-1666.04	0.0111632
16	331.712	336.921	-1653.66	0.0111311
17	327.574	335.294	-1646.45	0.0111264
18	317.696	329.873	-1661.58	0.0112564
19	312.953	320.69	-1648.45	0.0112164
20	312.796	321.368	-1650.26	0.0112666
21	302.482	312.335	-1639.04	0.0112382
22	288.9	303.017	-1672.87	0.0114881
23	277.936	297.123	-1705.85	0.0117319
24	277.874	294.698	-1735.46	0.0119544
25	272.624	284.418	-1745.16	0.012064
26	260.983	279.433	-1786.59	0.0123792
27	255.358	270.512	-1818.76	0.0126358
28	237.598	263.159	-1847.44	0.0128793
29	236.562	253.838	-1918.84	0.0134135
30	231.673	254.746	-1962.57	0.0137703
31	191.024	240.244	-1998.47	0.0140835
32	166.131	265.404	-2033.86	0.014401
33	154.858	207.603	-2090.06	0.0148823
34	153.98	198.615	-2168.87	0.0155276
35	100.717	220.726	-2237.11	0.0161228
36	113.053	205.03	-2404.03	0.0174293
37	97.754	148.768	-2611.36	0.0190868
38	97.7803	124.69	-2847.64	0.0209311
39	97.4756	138.948	-3013.89	0.0223154
40	97.2491	97.52	-3120.35	0.0236792
41	97.2458	97.3104	-3273.61	0.0253281
42	97.142	97.2185	-3348.66	0.0263327
43	97.0731	97.2065	-3434.21	0.027583
44	96.9668	97.1257	-3507.96	0.0285776
45	96.9462	97.0668	-3514.72	0.0289389
46	96.823	97.0227	-3569.86	0.0297106
47	96.7878	96.8883	-3607.31	0.0302505
48	96.6916	96.8383	-3607.3	0.0305873
49	96.511	96.7292	-3592.21	0.0305321
50	96.5601	96.7196	-3570.65	0.0304425
51	96.4837	96.6532	-3515.14	0.0303362
52	96.3397	96.5706	-3469.73	0.0300873
53	96.3338	96.5217	-3440.29	0.0301393
54	96.3006	96.5126	-3426.64	0.0300925
55	96.188	96.4118	-3404.28	0.030227
56	96.1469	96.3032	-3372.34	0.0301722
57	95.892	96.249	-3322.09	0.0299275
58	95.789	96.1536	-3305.11	0.0300616
59	95.8124	96.3084	-3232.38	0.0295402
60	95.4686	96.0659	-3160.21	0.0289003
61	95.8271	96.079	-3116.93	0.0289372
62	95.2805	95.7327	-3055.45	0.0285479
63	94.3866	95.6461	-2974.8	0.0281371
64	93.9657	95.2738	-2850.49	0.0268781
65	93.8947	94.6455	-2711.59	0.0255479
66	93.605	95.1551	-2642.91	0.0248481
67	93.6388	95.1392	-2612.47	0.0246928
68	87.1834	95.4172	-2591.31	0.0245985
69	88.6421	94.4277	-2569.21	0.0245363
70	87.6586	89.8553	-2516.37	0.0240276
71	86.8887	94.2694	-2457.62	0.0235353
72	87.5091	92.3959	-2291.95	0.0218077
73	83.6602	88.6271	-866.173	0.012611
74	84.4976	89.1131	-825.873	0.0122912
75	83.5346	87.0823	-772.381	0.0118167
76	82.9214	89.2369	-677.292	0.0109688
77	82.8733	85.9445	-630.024	0.0105779
78	83.008	94.0849	-609.127	0.0104099
79	82.7591	88.3354	-546.427	0.00980923
80	82.0921	86.8159	-474.291	0.00903923
81	81.7627	83.8875	-436.535	0.00860549
82	77.3125	84.1075	-442.724	0.00870824
83	74.0865	85.7904	-457.123	0.00890562
84	78.3384	82.8749	-444.804	0.00878474
85	75.8525	82.8934	-434.407	0.0086806
86	63.6551	80.4665	-446.884	0.0088626
87	73.7135	85.6762	-436.443	0.00875661
88	66.1473	79.5543	-448.964	0.00894184
89	64.3464	86.7907	-454.149	0.00903844
90	68.0962	81.9926	-455.911	0.0090979
91	53.5713	80.4543	-480.403	0.00942652
92	62.7914	86.3154	-496.777	0.00967297
93	46.1725	81.8538	-510.351	0.00987557
94	64.4415	86.7187	-503.449	0.0098234
95	52.8757	86.6098	-519.034	0.0100528
96	56.3371	80.5708	-553.03	0.0105152
97	70.1247	95.7536	-521.354	0.0101549
98	60.9547	87.0627	-516.615	0.010132
99	60.5783	84.3754	-514.775	0.0101291
100	43.562	94.5849	-518.912	0.0102357
101	47.5972	82.0301	-525.993	0.0103654
102	62.4505	91.5407	-521.209	0.0103415
103	63.6277	81.1289	-517.58	0.010314
104	38.7813	82.6507	-523.506	0.0104496
105	53.3659	79.1634	-520.831	0.0104352
106	71.8757	94.4177	-514.722	0.0103667
107	51.8031	78.8729	-505.053	0.0102625
108	45.1597	88.148	-516.979	0.0104753
109	46.9649	78.2954	-515.774	0.0104819
110	64.0461	83.3271	-505.742	0.0103942
111	38.5614	85.8459	-518.024	0.0105929
112	38.9597	79.9745	-522.517	0.0107152
113	38.223	83.7731	-530.655	0.0109002
114	23.0999	58.5206	-535.425	0.0110318
115	27.9285	57.3579	-554.023	0.0113391
116	22.9782	84.7385	-576.485	0.0117088
117	45.0806	91.1953	-556.387	0.0114691
118	32.8675	78.4062	-563.856	0.0116295
119	25.4176	72.9538	-579.907	0.0118901
120	23.9705	67.5809	-582.821	0.0120004
121	20.1676	38.5747	-590.571	0.0121515
122	17.4352	37.655	-599.802	0.0123739
123	17.2715	26.0696	-615.154	0.0126276
124	16.0956	23.4384	-622.372	0.0127788
125	16.5939	20.1509	-629.065	0.0129468
126	14.6414	22.9794	-639.43	0.0131785
127	17.283	77.058	-642.822	0.0132605
128	14.736	20.6684	-648.548	0.0134033
129	14.3684	17.774	-647.168	0.0134535
130	14.7699	20.1005	-645.186	0.0134742
131	15.4947	18.0952	-644.607	0.0135331
132	13.3779	17.3491	-642.257	0.0135884
133	12.9728	17.6863	-641.162	0.0136484
134	11.9822	16.3001	-641.257	0.0137289
135	11.404	14.7563	-639.935	0.0137651
136	11.0952	15.2542	-634.422	0.0137775
137	8.77862	13.1081	-633.674	0.0138203
138	7.85467	11.1576	-632.195	0.0138701
139	8.36296	11.4569	-631.236	0.0138997
140	7.11751	14.2753	-627.822	0.0138699
141	7.56363	16.1439	-630.749	0.0139796
142	6.54952	11.1236	-629.738	0.0140436
143	6.68188	9.50295	-629.638	0.0141073
144	6.98855	10.5304	-629.429	0.0141824
145	6.0392	17.3947	-628.777	0.0142365
146	0.824494	10.8827	-626.233	0.014299
147	0.829918	7.57337	-627.076	0.0143901
148	0.825046	13.4675	-623.443	0.0144524
149	0.817115	13.0662	-621.689	0.0145148
