pelvis_tilt.offset                  	-0.039218225	-0.039271607	0.00066247339	
hip_flexion_r.offset                	0.14314738	0.14319675	0.00079292343	
knee_angle_r.offset                 	0.04445987	0.0451536	0.00070475861	
ankle_angle_r.offset                	0.066610173	0.064873007	0.00072562589	
hip_flexion_l.offset                	0.005620108	0.0062281084	0.0007117987	
knee_angle_l.offset                 	0.053115428	0.052904995	0.00070534718	
ankle_angle_l.offset                	-0.01210437	-0.012038748	0.00073666853	
leg0_l.stance_load_threshold        	0.17515523	0.17524469	0.00071492574	
leg1_r.stance_load_threshold        	0.17515523	0.17524469	0.00071492574	
S11111.tib_ant_l.KL                 	1.6202258	1.6232817	0.0081560123	
S11111.tib_ant_l.L0                 	0.80645622	0.8067575	0.0018938158	
S11111.tib_ant_l-soleus_l.KF        	-0.24373196	-0.244904	0.0022815816	
S11111.tib_ant_r.KL                 	1.6202258	1.6232817	0.0081560123	
S11111.tib_ant_r.L0                 	0.80645622	0.8067575	0.0018938158	
S11111.tib_ant_r-soleus_r.KF        	-0.24373196	-0.244904	0.0022815816	
S00111.soleus_l.KF                  	0.9392394	0.93814846	0.0045773434	
S00111.gastroc_l.KF                 	1.2624559	1.2609885	0.0042818385	
S00111.soleus_r.KF                  	0.9392394	0.93814846	0.0045773434	
S00111.gastroc_r.KF                 	1.2624559	1.2609885	0.0042818385	
S00011.vasti_l.KF                   	1.0198014	1.0266409	0.0045683884	
S00011.vasti_l.C0                   	0.043007056	0.042774513	0.00049426533	
S00011.vasti_l-knee_angle.pos_max   	-0.078629577	-0.079313376	0.0011482956	
S00011.hamstrings_l-pelvis_tilt_l.KP	0.95947413	0.9439028	0.012433561	
S00011.hamstrings_l-pelvis_tilt_l.KV	0.50921188	0.50899734	0.0018724579	
S00011.hamstrings_l-pelvis_tilt_l.C0	-0.016095728	-0.016318767	0.00069653791	
S00011.glut_max_l-pelvis_tilt_l.KP  	1.0744957	1.0788391	0.012627227	
S00011.glut_max_l-pelvis_tilt_l.KV  	0.74111252	0.73658763	0.0024091819	
S00011.glut_max_l-pelvis_tilt_l.C0  	-0.015768496	-0.01696608	0.00082127694	
S00011.iliopsoas_l-pelvis_tilt_l.KP 	-2.2556947	-2.2535359	0.016228996	
S00011.iliopsoas_l-pelvis_tilt_l.KV 	-0.71031484	-0.70907674	0.0017333389	
S00011.iliopsoas_l-pelvis_tilt_l.C0 	0.18948136	0.1896619	0.00083273848	
S00011.vasti_r.KF                   	1.0198014	1.0266409	0.0045683884	
S00011.vasti_r.C0                   	0.043007056	0.042774513	0.00049426533	
S00011.vasti_r-knee_angle.pos_max   	-0.078629577	-0.079313376	0.0011482956	
S00011.hamstrings_r-pelvis_tilt_r.KP	0.95947413	0.9439028	0.012433561	
S00011.hamstrings_r-pelvis_tilt_r.KV	0.50921188	0.50899734	0.0018724579	
S00011.hamstrings_r-pelvis_tilt_r.C0	-0.016095728	-0.016318767	0.00069653791	
S00011.glut_max_r-pelvis_tilt_r.KP  	1.0744957	1.0788391	0.012627227	
S00011.glut_max_r-pelvis_tilt_r.KV  	0.74111252	0.73658763	0.0024091819	
S00011.glut_max_r-pelvis_tilt_r.C0  	-0.015768496	-0.01696608	0.00082127694	
S00011.iliopsoas_r-pelvis_tilt_r.KP 	-2.2556947	-2.2535359	0.016228996	
S00011.iliopsoas_r-pelvis_tilt_r.KV 	-0.71031484	-0.70907674	0.0017333389	
S00011.iliopsoas_r-pelvis_tilt_r.C0 	0.18948136	0.1896619	0.00083273848	
S00100.iliopsoas_l.C0               	0.48311401	0.48226541	0.0021739311	
S00100.glut_max_l.C0                	-0.2339006	-0.23161612	0.0016775028	
S00100.iliopsoas_r.C0               	0.48311401	0.48226541	0.0021739311	
S00100.glut_max_r.C0                	-0.2339006	-0.23161612	0.0016775028	
S11000.iliopsoas_l.KL               	0.13920175	0.1366997	0.0022918315	
S11000.iliopsoas_l.L0               	0.23492998	0.23898466	0.0044337454	
S11000.iliopsoas_l-pelvis_tilt_l.P0 	-0.12445158	-0.12393932	0.00075721648	
S11000.iliopsoas_l-pelvis_tilt_l.KP 	0.9768902	0.97295533	0.0081353114	
S11000.iliopsoas_l-pelvis_tilt_l.KV 	0.25326712	0.25286931	0.0018771469	
S11000.iliopsoas_l-hamstrings_l.KL  	-0.56211253	-0.5690898	0.021410782	
S11000.iliopsoas_l-hamstrings_l.L0  	0.87483332	0.8771645	0.0034833305	
S11000.hamstrings_l.KF              	-0.35668125	-0.35873639	0.0051622102	
S11000.glut_max_l.KF                	0.42245226	0.42734245	0.0027261257	
S11000.iliopsoas_r.KL               	0.13920175	0.1366997	0.0022918315	
S11000.iliopsoas_r.L0               	0.23492998	0.23898466	0.0044337454	
S11000.iliopsoas_r-pelvis_tilt_r.P0 	-0.12445158	-0.12393932	0.00075721648	
S11000.iliopsoas_r-pelvis_tilt_r.KP 	0.9768902	0.97295533	0.0081353114	
S11000.iliopsoas_r-pelvis_tilt_r.KV 	0.25326712	0.25286931	0.0018771469	
S11000.iliopsoas_r-hamstrings_r.KL  	-0.56211253	-0.5690898	0.021410782	
S11000.iliopsoas_r-hamstrings_r.L0  	0.87483332	0.8771645	0.0034833305	
S11000.hamstrings_r.KF              	-0.35668125	-0.35873639	0.0051622102	
S11000.glut_max_r.KF                	0.42245226	0.42734245	0.0027261257	
