generation	best_fitness	median_fitness	predicted_fitness	fitness_progress
0	6.11658	7.61778	0	0
1	0.549062	6.59587	-2783.21	10.1401
2	0.549603	0.550585	-1391.19	1.43379
3	0.549049	0.551079	0.272186	0.0010075
4	0.549015	0.551394	0.401985	0.000535183
5	0.549087	0.551421	0.531838	6.26329e-05
6	0.549653	0.552904	0.538912	3.69871e-05
7	0.549998	0.551435	0.549394	-1.76315e-07
8	0.548779	0.550566	0.538871	3.69885e-05
9	0.548405	0.550497	0.5317	6.26407e-05
10	0.548928	0.552104	0.536426	4.55416e-05
11	0.54827	0.550602	0.531632	6.26446e-05
12	0.548625	0.55085	0.5088	0.00014475
13	0.548394	0.550289	0.500986	0.000172613
14	0.549173	0.550233	0.507475	0.000148944
15	0.548791	0.550385	0.517033	0.000114465
16	0.54867	0.54992	0.52457	8.74075e-05
17	0.548484	0.550963	0.52413	8.87729e-05
18	0.548449	0.551418	0.525675	8.29903e-05
19	0.548488	0.550439	0.526996	7.81667e-05
20	0.549144	0.551147	0.528253	7.35908e-05
21	0.549073	0.550567	0.529322	6.96818e-05
22	0.548871	0.551377	0.531726	6.1013e-05
23	0.548833	0.550483	0.533918	5.31656e-05
24	0.548727	0.551095	0.535886	4.61926e-05
25	0.548473	0.550467	0.534859	4.96935e-05
26	0.548627	0.550085	0.536619	4.34012e-05
27	0.548035	0.550733	0.534804	4.9696e-05
28	0.547855	0.55702	0.533905	5.27747e-05
29	0.547178	0.550688	0.533306	5.47082e-05
30	0.547683	0.550493	0.531417	6.1174e-05
31	0.548266	39.1609	0.532262	5.81813e-05
32	0.547852	3.07288	0.529478	6.77918e-05
33	0.547955	3.07727	0.529055	6.90377e-05
34	0.547632	6.13773	0.528319	7.14498e-05
35	0.54854	0.549612	0.528939	6.91846e-05
36	0.547957	0.550503	0.528956	6.91097e-05
37	0.548714	0.550997	0.529706	6.63812e-05
38	0.54835	6.01758	0.530819	6.23412e-05
39	0.548366	0.549358	0.531454	6.01039e-05
40	0.548905	3.06443	0.531798	5.89079e-05
41	0.548457	0.550157	0.532182	5.7488e-05
42	0.547453	0.550649	0.531734	5.89114e-05
43	0.547639	0.54887	0.531447	5.96829e-05
44	0.547438	3.09583	0.531181	6.03921e-05
45	0.547907	27.0122	0.531335	5.98448e-05
46	0.547774	0.55027	0.531443	5.94617e-05
47	0.547746	0.553016	0.531509	5.91357e-05
48	0.547877	0.550266	0.532014	5.72562e-05
49	0.548194	21.8246	0.532481	5.5508e-05
50	0.548122	0.550235	0.532908	5.39577e-05
51	0.548661	0.550876	0.532954	5.37445e-05
52	0.548181	0.549237	0.533416	5.20947e-05
53	0.548465	0.551502	0.533979	5.00249e-05
54	0.547862	0.551129	0.534339	4.8719e-05
55	0.548637	0.549885	0.534448	4.82765e-05
56	0.548181	0.549972	0.534632	4.75469e-05
57	0.547981	0.550021	0.534824	4.69063e-05
58	0.547877	3.24809	0.536261	4.20138e-05
59	0.547798	0.548929	0.536628	4.07327e-05
60	0.547455	0.548843	0.536272	4.18279e-05
61	0.547794	0.548781	0.536583	4.07343e-05
62	0.547727	0.550406	0.536721	4.01729e-05
63	0.547527	0.550212	0.536602	4.04972e-05
64	0.547544	0.54994	0.536477	4.08643e-05
65	0.547585	0.54932	0.536471	4.07895e-05
66	0.54746	0.548997	0.536421	4.08669e-05
67	0.547342	0.549481	0.536291	4.11823e-05
68	0.547248	0.549703	0.536116	4.168e-05
69	0.547407	0.548424	0.535973	4.20653e-05
70	0.547237	0.549964	0.535746	4.27571e-05
71	0.547337	0.548345	0.535428	4.36686e-05
72	0.547609	10.1801	0.535619	4.30161e-05
73	0.547392	0.548666	0.535561	4.31453e-05
74	0.547488	0.550402	0.535698	4.25963e-05
75	0.547709	0.548558	0.535797	4.2195e-05
76	0.547632	0.549276	0.535935	4.16793e-05
77	0.547255	0.548463	0.535751	4.21968e-05
78	0.547507	0.54869	0.535889	4.1681e-05
79	0.547597	0.548314	0.536079	4.10066e-05
80	0.547699	0.548372	0.536296	4.02553e-05
81	0.54767	0.548737	0.536508	3.9468e-05
82	0.547057	0.548442	0.536317	4.00276e-05
83	0.54696	0.548102	0.536094	4.06792e-05
84	0.547027	0.547875	0.535757	4.16713e-05
85	0.546876	0.549778	0.535604	4.20794e-05
86	0.547717	5.84025	0.535711	4.1673e-05
87	0.546984	0.548492	0.535557	4.20812e-05
88	0.547513	0.550668	0.535665	4.16748e-05
89	0.547211	0.548143	0.535828	4.10951e-05
90	0.546774	0.549254	0.535619	4.16765e-05
91	0.546909	0.548131	0.535465	4.20847e-05
92	0.546824	0.548442	0.535378	4.22666e-05
93	0.546764	5.65122	0.535239	4.26601e-05
94	0.54678	0.54767	0.535094	4.3057e-05
95	0.547035	0.548644	0.535126	4.28838e-05
96	0.547035	0.548443	0.535185	4.26163e-05
97	0.546992	0.548106	0.535089	4.2862e-05
98	0.546874	0.547881	0.535158	4.25728e-05
99	0.54703	3.16905	0.535255	4.22104e-05
100	0.546751	0.547633	0.534977	4.30093e-05
101	0.547438	0.549749	0.535163	4.23566e-05
102	0.54717	0.548481	0.535209	4.21423e-05
103	0.546714	0.548123	0.535192	4.2119e-05
104	0.546869	0.547794	0.535259	4.18432e-05
105	0.546585	0.547943	0.535117	4.22132e-05
106	0.546588	0.547563	0.535099	4.21913e-05
107	0.547387	0.548029	0.535142	4.19906e-05
108	0.547047	0.547982	0.535275	4.15134e-05
109	0.546673	0.547729	0.53538	4.11048e-05
110	0.546791	0.549707	0.535442	4.08822e-05
111	0.546378	0.547414	0.535362	4.10247e-05
112	0.546761	0.548772	0.535434	4.07713e-05
113	0.546175	0.547433	0.535317	4.10263e-05
114	0.546343	0.547363	0.535239	4.11633e-05
115	0.546372	0.547022	0.53517	4.13137e-05
116	0.546339	0.547223	0.535036	4.16663e-05
117	0.546358	0.547463	0.534885	4.20522e-05
118	0.545881	0.546787	0.534785	4.22891e-05
119	0.545999	0.547803	0.534678	4.25512e-05
