pelvis_tilt.offset                  	-0.047331728	-0.045686262	0.00072264763	
hip_flexion_r.offset                	0.14637771	0.14576198	0.00081892594	
knee_angle_r.offset                 	0.043665474	0.043434406	0.00072204694	
ankle_angle_r.offset                	0.065749653	0.066616187	0.00077003756	
hip_flexion_l.offset                	0.003568575	0.0037856804	0.0007196826	
knee_angle_l.offset                 	0.055814028	0.054961764	0.00073008376	
ankle_angle_l.offset                	-0.016989196	-0.016993752	0.00074690199	
leg0_l.stance_load_threshold        	0.16680577	0.16602061	0.00070900072	
leg1_r.stance_load_threshold        	0.16680577	0.16602061	0.00070900072	
S11111.tib_ant_l.KL                 	1.5792941	1.5810146	0.0084042989	
S11111.tib_ant_l.L0                 	0.8041064	0.80335386	0.0019989498	
S11111.tib_ant_l-soleus_l.KF        	-0.2835015	-0.28508167	0.0024388408	
S11111.tib_ant_r.KL                 	1.5792941	1.5810146	0.0084042989	
S11111.tib_ant_r.L0                 	0.8041064	0.80335386	0.0019989498	
S11111.tib_ant_r-soleus_r.KF        	-0.2835015	-0.28508167	0.0024388408	
S00111.soleus_l.KF                  	0.94493272	0.94326562	0.0047004742	
S00111.gastroc_l.KF                 	1.2772988	1.2743684	0.0043985409	
S00111.soleus_r.KF                  	0.94493272	0.94326562	0.0047004742	
S00111.gastroc_r.KF                 	1.2772988	1.2743684	0.0043985409	
S00011.vasti_l.KF                   	0.99904829	1.0046839	0.0044910461	
S00011.vasti_l.C0                   	0.04501705	0.044249711	0.00047708107	
S00011.vasti_l-knee_angle.pos_max   	-0.079570823	-0.081367973	0.0012233072	
S00011.hamstrings_l-pelvis_tilt_l.KP	0.92116031	0.90223763	0.01319454	
S00011.hamstrings_l-pelvis_tilt_l.KV	0.49117407	0.49101724	0.001827725	
S00011.hamstrings_l-pelvis_tilt_l.C0	-0.013325095	-0.014508735	0.00069688977	
S00011.glut_max_l-pelvis_tilt_l.KP  	1.1790908	1.1732168	0.013558912	
S00011.glut_max_l-pelvis_tilt_l.KV  	0.78010306	0.77649378	0.0028630137	
S00011.glut_max_l-pelvis_tilt_l.C0  	-0.0023723166	-0.0033456439	0.00084627746	
S00011.iliopsoas_l-pelvis_tilt_l.KP 	-2.279913	-2.3033946	0.015980054	
S00011.iliopsoas_l-pelvis_tilt_l.KV 	-0.716441	-0.71725539	0.0017643766	
S00011.iliopsoas_l-pelvis_tilt_l.C0 	0.19096965	0.19139318	0.00081810382	
S00011.vasti_r.KF                   	0.99904829	1.0046839	0.0044910461	
S00011.vasti_r.C0                   	0.04501705	0.044249711	0.00047708107	
S00011.vasti_r-knee_angle.pos_max   	-0.079570823	-0.081367973	0.0012233072	
S00011.hamstrings_r-pelvis_tilt_r.KP	0.92116031	0.90223763	0.01319454	
S00011.hamstrings_r-pelvis_tilt_r.KV	0.49117407	0.49101724	0.001827725	
S00011.hamstrings_r-pelvis_tilt_r.C0	-0.013325095	-0.014508735	0.00069688977	
S00011.glut_max_r-pelvis_tilt_r.KP  	1.1790908	1.1732168	0.013558912	
S00011.glut_max_r-pelvis_tilt_r.KV  	0.78010306	0.77649378	0.0028630137	
S00011.glut_max_r-pelvis_tilt_r.C0  	-0.0023723166	-0.0033456439	0.00084627746	
S00011.iliopsoas_r-pelvis_tilt_r.KP 	-2.279913	-2.3033946	0.015980054	
S00011.iliopsoas_r-pelvis_tilt_r.KV 	-0.716441	-0.71725539	0.0017643766	
S00011.iliopsoas_r-pelvis_tilt_r.C0 	0.19096965	0.19139318	0.00081810382	
S00100.iliopsoas_l.C0               	0.50617075	0.50295858	0.0025036071	
S00100.glut_max_l.C0                	-0.23944961	-0.23583152	0.0017836579	
S00100.iliopsoas_r.C0               	0.50617075	0.50295858	0.0025036071	
S00100.glut_max_r.C0                	-0.23944961	-0.23583152	0.0017836579	
S11000.iliopsoas_l.KL               	0.15165236	0.15320135	0.0022913545	
S11000.iliopsoas_l.L0               	0.17212275	0.17412244	0.0042103755	
S11000.iliopsoas_l-pelvis_tilt_l.P0 	-0.12651644	-0.12560574	0.00073653045	
S11000.iliopsoas_l-pelvis_tilt_l.KP 	0.96180587	0.9660106	0.0086911666	
S11000.iliopsoas_l-pelvis_tilt_l.KV 	0.27423163	0.27272365	0.0020343963	
S11000.iliopsoas_l-hamstrings_l.KL  	-0.45767444	-0.47221291	0.021668049	
S11000.iliopsoas_l-hamstrings_l.L0  	0.84471258	0.84177494	0.0034991384	
S11000.hamstrings_l.KF              	-0.41808911	-0.4208992	0.0049206202	
S11000.glut_max_l.KF                	0.44685407	0.44257964	0.0026814439	
S11000.iliopsoas_r.KL               	0.15165236	0.15320135	0.0022913545	
S11000.iliopsoas_r.L0               	0.17212275	0.17412244	0.0042103755	
S11000.iliopsoas_r-pelvis_tilt_r.P0 	-0.12651644	-0.12560574	0.00073653045	
S11000.iliopsoas_r-pelvis_tilt_r.KP 	0.96180587	0.9660106	0.0086911666	
S11000.iliopsoas_r-pelvis_tilt_r.KV 	0.27423163	0.27272365	0.0020343963	
S11000.iliopsoas_r-hamstrings_r.KL  	-0.45767444	-0.47221291	0.021668049	
S11000.iliopsoas_r-hamstrings_r.L0  	0.84471258	0.84177494	0.0034991384	
S11000.hamstrings_r.KF              	-0.41808911	-0.4208992	0.0049206202	
S11000.glut_max_r.KF                	0.44685407	0.44257964	0.0026814439	
