generation	best_fitness	median_fitness	predicted_fitness	fitness_progress
0	0.549187	7.69794	0	0
1	0.548872	6.03378	0.391277	0.00057425
2	0.54901	0.550732	0.504709	0.000161373
3	0.548943	0.550715	0.515564	0.000121596
4	0.549888	0.551722	0.566888	-6.4867e-05
5	0.548617	0.551678	0.515431	0.00012161
6	0.549414	3.0536	0.557661	-3.1266e-05
7	0.549729	0.550911	0.601916	-0.000190781
8	0.548852	0.551739	0.56795	-6.81688e-05
9	0.548677	0.549905	0.531783	6.19806e-05
10	0.548447	0.55111	0.52418	8.90896e-05
11	0.548323	0.550679	0.517756	0.000111983
12	0.549233	3.1979	0.52788	7.54909e-05
13	0.549052	0.552222	0.529676	6.90589e-05
14	0.548648	0.550712	0.529674	6.90551e-05
15	0.548552	0.550575	0.527512	7.66762e-05
16	0.548661	3.07209	0.529598	6.90598e-05
17	0.54978	50.3139	0.532536	5.83894e-05
18	0.548648	0.550553	0.534348	5.182e-05
19	0.5485	0.549963	0.534562	5.09385e-05
20	0.54857	0.550447	0.534654	5.05319e-05
21	0.54838	0.551524	0.533476	5.45809e-05
22	0.547538	0.551408	0.531887	6.01508e-05
23	0.548187	0.549789	0.53135	6.19365e-05
24	0.547593	0.548991	0.528153	7.31586e-05
25	0.54727	0.549109	0.525837	8.1165e-05
26	0.547843	0.552072	0.522379	9.3356e-05
27	0.548212	0.549412	0.525447	8.22516e-05
28	0.547435	0.55086	0.522615	9.21635e-05
29	0.546971	3.22824	0.519594	0.000102553
30	0.547427	0.549844	0.51493	0.000119021
31	0.54773	0.554472	0.516434	0.000113442
32	0.547782	0.551163	0.516383	0.000113449
33	0.547879	0.549994	0.519087	0.000103782
34	0.547231	0.549836	0.516258	0.000113462
35	0.547731	5.83562	0.517426	0.000109217
36	0.5476	0.548812	0.518498	0.000105325
37	0.547203	3.08676	0.518081	0.000106522
38	0.546963	0.549172	0.516489	0.000111816
39	0.547504	0.548563	0.518157	0.000105861
40	0.54718	3.08246	0.518602	0.000104185
41	0.547391	0.550005	0.519396	0.000101202
42	0.547104	0.548747	0.519972	9.89836e-05
43	0.547131	0.550272	0.519923	9.90104e-05
44	0.547343	0.550904	0.52079	9.57968e-05
45	0.547421	0.54883	0.521741	9.22798e-05
46	0.546939	0.548095	0.521775	9.19691e-05
47	0.547065	0.548469	0.522266	9.00932e-05
48	0.546695	0.547752	0.522128	9.03561e-05
49	0.546685	0.54815	0.52182	9.12749e-05
50	0.546079	0.547702	0.521148	9.34613e-05
51	0.546778	20.8145	0.521545	9.19019e-05
52	0.546776	0.547838	0.52193	9.03724e-05
53	0.546806	0.548682	0.522278	8.90268e-05
54	0.546919	0.548416	0.522516	8.80358e-05
55	0.546669	0.54768	0.522793	8.6984e-05
56	0.546625	0.548272	0.522947	8.62955e-05
57	0.546498	0.547457	0.522706	8.69615e-05
58	0.546448	0.547217	0.52264	8.69946e-05
59	0.546317	0.547999	0.522624	8.68571e-05
60	0.546428	0.547922	0.522802	8.6152e-05
61	0.54683	0.549968	0.522839	8.58653e-05
62	0.54599	0.547532	0.52274	8.6042e-05
63	0.546043	13.2981	0.522553	8.64651e-05
64	0.546305	0.550696	0.522646	8.60494e-05
65	0.546476	0.550081	0.522815	8.53203e-05
66	0.546203	0.548348	0.523033	8.44259e-05
67	0.546634	17.9714	0.523131	8.39322e-05
68	0.546649	24.2819	0.523394	8.28567e-05
69	0.546796	0.548249	0.523455	8.25334e-05
70	0.546449	0.548191	0.523712	8.14989e-05
71	0.547114	0.548841	0.523888	8.07304e-05
72	0.546783	0.547589	0.523862	8.06905e-05
73	0.547133	0.548832	0.524018	8.00043e-05
74	0.546953	0.547866	0.524291	7.89353e-05
75	0.546233	0.54811	0.52445	7.82656e-05
76	0.546712	0.548243	0.524699	7.73626e-05
77	0.546787	0.547498	0.525118	7.58979e-05
78	0.546723	0.548351	0.525159	7.56311e-05
79	0.546594	0.547249	0.525136	7.55753e-05
80	0.546191	0.546675	0.525385	7.46578e-05
81	0.546252	0.547965	0.525622	7.3742e-05
82	0.546352	0.547047	0.52574	7.32185e-05
83	0.546225	0.547259	0.525847	7.27485e-05
84	0.546054	0.546891	0.526066	7.18816e-05
85	0.546739	0.547475	0.52621	7.13128e-05
86	0.545994	0.548775	0.5265	7.02572e-05
87	0.545917	0.547072	0.526886	6.89296e-05
88	0.546152	0.547551	0.527293	6.74742e-05
89	0.546091	0.546974	0.527557	6.65152e-05
90	0.545705	0.547131	0.527551	6.63988e-05
91	0.545836	0.546876	0.527582	6.6188e-05
92	0.54612	0.547653	0.528177	6.41408e-05
93	0.545699	0.547357	0.528319	6.35262e-05
94	0.545892	0.546577	0.528583	6.25146e-05
95	0.545763	0.54691	0.528761	6.18323e-05
96	0.54575	0.546607	0.528971	6.09794e-05
97	0.545386	0.546238	0.529221	5.99846e-05
98	0.545347	0.546658	0.529313	5.95426e-05
99	0.545522	0.546282	0.529225	5.97309e-05
100	0.546017	0.546601	0.529452	5.8831e-05
101	0.54489	0.546827	0.529332	5.91365e-05
102	0.545122	0.546888	0.529228	5.93718e-05
103	0.545529	0.54705	0.529294	5.90487e-05
104	0.545254	0.546264	0.529314	5.88723e-05
105	0.545481	0.54586	0.529334	5.86905e-05
106	0.545555	0.54626	0.529474	5.81293e-05
107	0.545106	0.54644	0.529369	5.83653e-05
108	0.545229	0.546237	0.529281	5.85473e-05
109	0.545025	0.546174	0.529194	5.87328e-05
110	0.545046	0.546209	0.529176	5.86825e-05
111	0.545156	0.545642	0.529192	5.85289e-05
112	0.544882	0.546024	0.529179	5.84633e-05
113	0.544654	0.54566	0.528884	5.93168e-05
114	0.545067	0.546705	0.52894	5.90353e-05
115	0.545309	0.545533	0.529035	5.86285e-05
116	0.545003	0.545899	0.529089	5.83332e-05
117	0.54532	5.7663	0.529127	5.80988e-05
118	0.545213	0.545556	0.529166	5.78672e-05
119	0.545452	0.546117	0.529167	5.77827e-05
