pelvis_tilt.offset                  	-0.12137114	-0.12271435	0.0011391695	
hip_flexion_r.offset                	0.096519002	0.10042054	0.0011685794	
knee_angle_r.offset                 	0.041106352	0.040825404	0.0011130271	
ankle_angle_r.offset                	0.0822013	0.082792501	0.00116639	
hip_flexion_l.offset                	0.043534661	0.04417261	0.0010774431	
knee_angle_l.offset                 	0.094465966	0.095566789	0.0011249357	
ankle_angle_l.offset                	0.0067936073	0.0056873585	0.001167469	
leg0_l.stance_load_threshold        	0.16464327	0.1635122	0.0011660432	
leg1_r.stance_load_threshold        	0.17846483	0.17816512	0.0011334974	
S11111.tib_ant_l.KL                 	2.3074107	2.3171852	0.013346754	
S11111.tib_ant_l.L0                 	0.76084076	0.76339812	0.0031836008	
S11111.tib_ant_l-soleus_l.KF        	-0.25806459	-0.25880281	0.0035683069	
S11111.tib_ant_r.KL                 	2.0485691	2.0557478	0.012727858	
S11111.tib_ant_r.L0                 	0.81295775	0.81202711	0.0029553575	
S11111.tib_ant_r-soleus_r.KF        	-0.1584058	-0.15714286	0.0035723537	
S00111.soleus_l.KF                  	0.88931412	0.88068496	0.0080625619	
S00111.gastroc_l.KF                 	1.5101624	1.4979329	0.007028285	
S00111.soleus_r.KF                  	1.0453385	1.0430808	0.0067718094	
S00111.gastroc_r.KF                 	1.4010376	1.4173974	0.0064160849	
S00011.vasti_l.KF                   	1.2234119	1.2316092	0.0071447942	
S00011.vasti_l.C0                   	0.046650179	0.046536136	0.00067358275	
S00011.vasti_l-knee_angle.pos_max   	-0.10810971	-0.10956308	0.0018963603	
S00011.hamstrings_l-pelvis_tilt_l.KP	0.76281605	0.76752129	0.019222208	
S00011.hamstrings_l-pelvis_tilt_l.KV	0.4783862	0.4772704	0.0028325158	
S00011.hamstrings_l-pelvis_tilt_l.C0	-0.042001899	-0.040492699	0.0011307076	
S00011.glut_max_l-pelvis_tilt_l.KP  	0.43551596	0.44242877	0.020571559	
S00011.glut_max_l-pelvis_tilt_l.KV  	0.72439449	0.72820212	0.0037855293	
S00011.glut_max_l-pelvis_tilt_l.C0  	-0.0071853684	-0.0070336271	0.0012817239	
S00011.iliopsoas_l-pelvis_tilt_l.KP 	-1.4662075	-1.4708724	0.022501316	
S00011.iliopsoas_l-pelvis_tilt_l.KV 	-0.72914298	-0.72840281	0.0027443825	
S00011.iliopsoas_l-pelvis_tilt_l.C0 	0.18320307	0.1818013	0.0012464061	
S00011.vasti_r.KF                   	1.034618	1.0418048	0.0070056609	
S00011.vasti_r.C0                   	0.039696091	0.039927804	0.00075602437	
S00011.vasti_r-knee_angle.pos_max   	-0.12158752	-0.12425472	0.0020664733	
S00011.hamstrings_r-pelvis_tilt_r.KP	0.95454051	0.96326562	0.018174909	
S00011.hamstrings_r-pelvis_tilt_r.KV	0.45407715	0.45474018	0.0028551403	
S00011.hamstrings_r-pelvis_tilt_r.C0	-0.018933594	-0.019255965	0.0010978284	
S00011.glut_max_r-pelvis_tilt_r.KP  	1.2900354	1.2884609	0.020401631	
S00011.glut_max_r-pelvis_tilt_r.KV  	0.73534391	0.73251396	0.0037988286	
S00011.glut_max_r-pelvis_tilt_r.C0  	-0.0032834423	-0.0025667902	0.0012517906	
S00011.iliopsoas_r-pelvis_tilt_r.KP 	-1.8704659	-1.8702308	0.023557538	
S00011.iliopsoas_r-pelvis_tilt_r.KV 	-0.77540746	-0.77750219	0.0027751741	
S00011.iliopsoas_r-pelvis_tilt_r.C0 	0.19617183	0.19715249	0.0012796066	
S00100.iliopsoas_l.C0               	0.46589645	0.46708262	0.0035257716	
S00100.glut_max_l.C0                	-0.1462805	-0.1508892	0.0028827971	
S00100.iliopsoas_r.C0               	0.53600398	0.535628	0.0037390412	
S00100.glut_max_r.C0                	-0.18497988	-0.1835241	0.0027061531	
S11000.iliopsoas_l.KL               	0.2867969	0.28673187	0.0036930669	
S11000.iliopsoas_l.L0               	0.1711725	0.17954262	0.0069251411	
S11000.iliopsoas_l-pelvis_tilt_l.P0 	-0.14919674	-0.14955686	0.0011070155	
S11000.iliopsoas_l-pelvis_tilt_l.KP 	1.0151662	1.0361677	0.012768753	
S11000.iliopsoas_l-pelvis_tilt_l.KV 	0.40078139	0.39647631	0.0031764428	
S11000.iliopsoas_l-hamstrings_l.KL  	-0.82337417	-0.84241248	0.033763765	
S11000.iliopsoas_l-hamstrings_l.L0  	0.95253389	0.947832	0.0060269884	
S11000.hamstrings_l.KF              	-0.14431857	-0.14052951	0.007443683	
S11000.glut_max_l.KF                	0.55948796	0.56340441	0.0041712491	
S11000.iliopsoas_r.KL               	0.30317355	0.30007266	0.0036352756	
S11000.iliopsoas_r.L0               	0.62044078	0.62453633	0.0069486847	
S11000.iliopsoas_r-pelvis_tilt_r.P0 	-0.08639739	-0.086598965	0.0010972371	
S11000.iliopsoas_r-pelvis_tilt_r.KP 	1.2401817	1.2199742	0.012651748	
S11000.iliopsoas_r-pelvis_tilt_r.KV 	0.11641089	0.11712251	0.0031720041	
S11000.iliopsoas_r-hamstrings_r.KL  	-1.5911162	-1.5435391	0.035915312	
S11000.iliopsoas_r-hamstrings_r.L0  	0.82630746	0.82446577	0.0053402587	
S11000.hamstrings_r.KF              	-0.7484425	-0.74651483	0.0081203934	
S11000.glut_max_r.KF                	0.5202422	0.5218987	0.0041021286	
