generation	best_fitness	median_fitness	predicted_fitness	fitness_progress
0	22.2113	24.2	0	0
1	20.3847	23.1841	-892.921	0.089607
2	16.4853	22.4347	-1415.02	0.159795
3	18.1167	21.0809	-896.574	0.0984267
4	14.7794	19.6626	-908.94	0.105018
5	17.3062	19.6615	-725.51	0.0841207
6	14.0524	18.9977	-641.261	0.0756323
7	12.1386	21.6491	-664.918	0.0819043
8	11.5004	18.9794	-646.267	0.0820806
9	12.2324	19.527	-624.351	0.0828729
10	10.6697	29.8477	-552.122	0.0734883
11	11.8573	25.6004	-421.324	0.059632
12	10.5459	19.7314	-402.879	0.057729
13	11.689	39.6707	-377.216	0.0548631
14	14.2225	19.301	-343.841	0.0514441
15	12.8267	18.0587	-294.869	0.0456056
16	12.0897	17.0414	-263.714	0.0412726
17	14.0103	30.6268	-240.419	0.0374515
18	13.2975	17.7769	-192.031	0.0300347
19	13.9973	16.6053	-127.814	0.0199131
20	13.5899	16.4724	-68.6689	0.0117802
21	11.2163	18.5189	-23.4004	0.00529828
22	13.2724	16.9582	-23.3143	0.00527554
23	13.8997	18.4109	-18.4031	0.00456875
24	13.985	31.8016	9.15363	0.000644563
25	12.2237	16.721	3.64923	0.00142853
26	12.9348	16.2808	-4.69948	0.00262668
27	10.3369	17.0138	-18.4554	0.00459096
28	10.6356	17.014	-21.4406	0.0050321
29	10.5313	17.0763	-29.872	0.00627542
30	10.783	32.2181	-36.1798	0.00729457
31	10.0802	20.2433	-44.2879	0.00851518
32	9.9212	14.9995	-51.519	0.00978232
33	14.1369	24.4099	-44.5107	0.00858831
34	14.3173	16.5399	-36.5632	0.00740257
35	14.1803	17.1728	-30.2923	0.006383
36	12.7222	19.2518	-22.582	0.00522252
37	12.6594	16.8425	-19.5172	0.00476211
38	13.1872	17.3285	-11.801	0.00362791
39	13.7085	32.2478	-8.92097	0.00321202
40	11.8133	15.8285	-11.8981	0.00364112
41	11.101	17.4142	-17.4876	0.00447109
42	9.74063	16.9841	-22.3608	0.00520747
43	10.6045	15.144	-27.3799	0.00593126
44	9.7417	14.8666	-30.0399	0.00637365
45	9.64946	15.481	-31.0346	0.0065779
46	9.64038	15.1808	-31.9968	0.00677618
47	12.1405	15.2841	-30.9116	0.00657516
48	10.8558	15.7019	-28.8254	0.00623877
49	12.7716	16.7273	-26.2428	0.00584917
50	10.1376	14.941	-26.0173	0.0058384
51	10.8986	15.4383	-26.5902	0.00591518
52	10.4025	14.2059	-29.9415	0.00642632
53	11.614	16.2551	-27.5213	0.00607568
54	9.48571	14.6333	-30.8654	0.00658372
55	9.23749	14.4967	-32.3981	0.00683714
56	8.93613	14.9148	-32.9253	0.0069313
57	9.21952	14.5055	-32.641	0.00694492
58	8.78797	13.466	-31.9113	0.00688413
59	10.7418	39.0924	-30.9238	0.00670322
60	10.7112	35.4741	-29.7799	0.00653129
61	9.96505	14.699	-28.4156	0.00630023
62	9.00545	15.0999	-30.1137	0.00660319
63	8.75542	15.0037	-31.3588	0.00681174
64	11.8045	15.9414	-30.2726	0.00664708
65	10.9061	14.3789	-28.7704	0.00638847
66	8.25688	13.5534	-30.9963	0.00677251
67	12.7327	31.4664	-28.9237	0.00642955
68	8.71528	14.3895	-31.1574	0.00681869
69	11.1869	15.0419	-30.602	0.00672065
70	9.38514	13.6923	-30.2509	0.00665097
71	9.12432	14.4255	-30.6794	0.00671319
72	8.43406	11.9747	-31.6466	0.00688051
73	10.2512	20.6971	-30.6184	0.00672298
74	8.46728	13.9345	-30.9694	0.0068016
75	8.41105	13.5412	-31.5681	0.00693273
76	9.51707	14.873	-30.4475	0.00674423
77	8.40971	12.9428	-30.8177	0.00683547
78	9.29091	89.1499	-30.0246	0.00670053
79	9.68178	32.4555	-28.6488	0.00648279
80	8.8127	15.9481	-27.3481	0.00628509
81	9.34033	15.389	-26.3506	0.00613711
82	9.33334	12.767	-25.8471	0.00606478
83	10.6362	16.555	-25.1482	0.00595353
84	8.67488	13.8628	-24.8168	0.00589711
85	10.2333	13.3244	-23.7919	0.00574123
86	8.23525	13.9847	-24.2551	0.00583597
87	8.79945	12.9175	-23.2062	0.00567191
88	7.93065	27.1627	-22.881	0.0056414
89	8.32362	64.7097	-22.8566	0.00563898
90	8.14015	13.8391	-23.8045	0.00580401
91	8.41569	14.7462	-22.9254	0.00566246
92	9.4836	18.7111	-21.9964	0.00551938
93	8.08151	13.6134	-22.0086	0.00552905
94	9.15439	13.4193	-20.9333	0.00533992
95	10.0711	13.9745	-20.2953	0.00523528
96	8.22323	13.7211	-20.3015	0.00523299
97	9.43809	12.6234	-19.6799	0.00513029
98	9.8244	12.4782	-19.2667	0.00505877
99	9.39955	13.2546	-18.8949	0.00500728
100	8.59908	11.681	-18.5623	0.00495978
101	8.64923	12.7053	-18.2481	0.00489708
102	8.74155	13.8024	-17.9096	0.0048304
103	8.10737	11.971	-17.5867	0.00478672
104	7.98248	12.6524	-17.4675	0.00477739
105	8.51438	12.6032	-17.3892	0.00476471
106	8.09368	12.2424	-17.2351	0.00473828
107	10.4132	17.6319	-16.1968	0.00457191
108	7.61201	13.3853	-16.4585	0.00462071
109	8.31549	12.4318	-15.6503	0.00449112
110	7.78345	14.108	-15.4316	0.00446024
111	8.33698	13.1571	-15.143	0.00440947
112	8.21276	12.5501	-14.9381	0.00437092
113	7.95087	13.7568	-14.674	0.00432731
114	9.0097	13.0581	-14.5723	0.00430779
115	8.0974	12.3983	-14.2469	0.00425731
116	7.8372	10.9635	-14.0431	0.00422667
117	10.5942	12.5947	-13.598	0.00415247
118	7.67925	11.7842	-13.6093	0.00415711
119	8.30579	12.8743	-13.5029	0.00413844
120	8.08135	20.0059	-13.428	0.0041237
121	8.07968	12.7445	-13.2716	0.00409806
122	7.67969	12.5637	-13.194	0.00409049
123	8.16992	13.5909	-13.0522	0.00406206
124	8.53421	12.1341	-12.7577	0.0040045
125	9.37212	12.6793	-12.435	0.00395254
126	7.64	13.7835	-12.4435	0.00395602
127	7.164	13.0209	-12.5761	0.00397869
128	8.74075	13.1155	-12.5176	0.00397071
129	8.2745	12.4471	-12.286	0.00393489
130	7.16056	11.9472	-12.341	0.00394508
131	7.1642	10.947	-12.1055	0.00391091
132	7.15308	16.1726	-12.0912	0.00390916
133	6.70278	11.9826	-12.0827	0.00391053
134	7.03383	11.8415	-12.3654	0.00396034
135	7.04182	10.0388	-12.6233	0.00400848
136	6.69406	11.0592	-12.9284	0.00406889
137	7.89173	20.1163	-12.7028	0.00402461
138	8.34814	11.7187	-12.42	0.00397444
139	8.22346	12.7195	-12.1859	0.00393587
140	6.85177	13.2661	-12.4578	0.00398315
141	6.75535	12.4412	-12.8295	0.00405175
142	6.88363	10.6996	-13.0801	0.00410351
143	8.29422	23.7199	-12.892	0.00406517
144	6.90812	11.4533	-12.9069	0.0040681
145	7.41471	12.7725	-12.688	0.00403016
146	8.67659	13.6346	-12.5205	0.004003
147	7.40086	11.4169	-12.2901	0.00396504
148	7.09173	10.8444	-12.2054	0.00395136
149	8.22115	19.37	-12.0556	0.00392809
