generation	best_fitness	median_fitness	predicted_fitness	fitness_progress
0	0.77408	9.98616	0	0
1	0.76972	11.4704	-1.41023	0.00566427
2	6.32165	11.6728	1393.21	-0.562091
3	0.767127	8.16459	-0.135537	0.00234749
4	0.773578	8.56489	0.710814	0.000162229
5	0.785011	10.0948	1.06567	-0.000749219
6	0.765368	8.27323	0.374973	0.0010226
7	0.769757	11.2442	0.468807	0.00078019
8	0.774206	9.70836	0.618792	0.000395603
9	0.771449	8.42641	0.667357	0.000270409
10	0.760035	5.96459	0.590956	0.000465049
11	0.765301	7.53849	0.458513	0.000801619
12	0.763959	8.71612	0.189968	0.00149039
13	0.760999	8.15965	0.166529	0.00154878
14	0.759981	7.58629	0.124715	0.00165419
15	0.758708	7.10907	0.0876419	0.00174735
16	0.759244	7.24484	0.122472	0.00165616
17	0.760111	9.75053	0.169524	0.00153367
18	0.760541	9.64044	0.188783	0.00148241
19	0.76449	8.81953	0.24782	0.00132916
20	0.761876	7.83284	0.250055	0.00132184
21	0.764321	9.70773	0.315887	0.0011515
22	0.765009	9.21044	0.369483	0.00101297
23	0.759465	8.02766	0.424744	0.000870918
24	0.757053	10.8688	0.421069	0.000878643
25	5.84399	10.7399	0.455264	0.000790487
26	0.767548	7.66513	0.519807	0.000623848
27	0.762255	8.58115	0.531379	0.000594001
28	5.77007	9.0201	0.544783	0.000559191
29	0.760578	8.72593	0.592009	0.000440239
30	0.762869	13.6498	0.613958	0.00038467
31	0.769573	9.92585	0.636032	0.00032762
32	5.80302	8.27814	0.674703	0.000228809
33	0.764149	6.58527	0.699677	0.000164983
34	6.03423	14.0891	0.722237	0.000107668
35	0.761076	7.87773	0.699648	0.000164443
36	0.761752	8.6147	0.701161	0.000160216
37	0.758704	14.5711	0.693112	0.000180122
38	6.24272	9.48723	0.70425	0.000151837
39	0.766139	9.97702	0.713628	0.000128026
40	0.769476	38.0667	0.725149	9.92742e-05
41	0.768721	10.0823	0.743454	5.37257e-05
42	6.17478	7.82016	0.764858	1.09224e-06
43	5.96549	7.98982	0.789647	-6.03355e-05
44	6.00545	28.5626	0.80293	-9.21514e-05
45	6.22335	31.9734	0.816483	-0.000124345
46	0.770005	8.29984	0.832629	-0.000164101
47	0.764662	9.89299	0.827012	-0.000150191
48	0.766177	9.3276	0.832327	-0.000163642
49	5.79234	9.28407	0.837496	-0.000175756
50	5.78372	6.28399	0.850888	-0.000209312
51	0.768128	6.99086	0.853311	-0.000215765
52	0.763835	7.17088	0.842176	-0.000187504
53	0.766283	17.2409	0.838176	-0.000178025
54	0.763191	6.73506	0.829501	-0.000157901
55	0.763832	13.2267	0.822163	-0.00014001
56	0.762652	6.35614	0.814568	-0.000121217
57	0.762866	9.63909	0.809153	-0.000108062
58	0.762609	6.51275	0.806388	-0.00010132
59	0.756683	20.9921	0.794918	-7.31255e-05
60	0.759629	24.2461	0.788139	-5.61712e-05
61	0.759403	12.5588	0.779265	-3.39844e-05
62	0.761756	17.1354	0.77147	-1.56362e-05
63	0.758564	7.03623	0.757375	1.84552e-05
64	0.760554	6.7757	0.756616	2.02473e-05
65	0.758715	7.34894	0.752115	3.05504e-05
66	0.757118	12.4389	0.748136	4.01772e-05
67	0.756072	27.2433	0.738983	6.18503e-05
68	0.754856	3.30696	0.730645	8.23572e-05
69	0.75515	3.25981	0.726127	9.32952e-05
70	0.752468	15.7542	0.717902	0.000113591
71	0.756052	12.4001	0.710957	0.000129989
72	0.753101	26.1313	0.7036	0.000147084
73	0.754025	16.4174	0.690784	0.000178618
74	0.750796	4.00703	0.664223	0.000243011
75	0.754571	6.20884	0.65623	0.000262244
76	0.751505	27.9537	0.650531	0.000275742
77	0.753747	14.0398	0.63859	0.000304756
78	0.750692	6.72378	0.62729	0.000331968
79	0.751062	6.58523	0.624663	0.000337731
80	0.750273	6.80503	0.62207	0.000343285
81	0.74811	27.7806	0.613601	0.000363186
82	0.748139	19.1158	0.600333	0.000395295
83	0.744419	0.750684	0.584091	0.000434161
84	0.743655	20.9214	0.57509	0.000456155
85	0.743639	6.49343	0.568043	0.000472792
86	0.739241	14.1826	0.565231	0.000478897
87	0.741165	6.32135	0.544462	0.00052998
88	0.742135	6.13823	0.538915	0.000542944
89	0.736375	6.24736	0.534913	0.000551371
90	0.739468	8.51453	0.525715	0.000573004
91	0.739857	6.45776	0.524792	0.000573975
92	0.736031	3.87156	0.523669	0.00057545
93	0.737858	6.76654	0.51722	0.000590283
94	0.736755	7.77232	0.512912	0.00059963
95	0.736103	6.12204	0.507977	0.000610739
96	0.733754	6.13183	0.503577	0.000620445
97	0.729904	23.626	0.496333	0.000636355
98	0.687107	7.596	0.492192	0.000644526
99	0.733192	6.22733	0.486151	0.000658143
100	0.739667	6.4802	0.487464	0.000653993
101	0.683861	6.4192	0.480514	0.000670123
102	0.685106	6.3392	0.477767	0.000675886
103	0.732446	8.05225	0.474442	0.000682748
104	0.732347	6.52686	0.470524	0.000690937
105	0.732524	7.00583	0.468406	0.000695084
106	0.729766	0.73686	0.464993	0.000702473
107	0.728312	6.21463	0.462066	0.000708593
108	0.728485	6.89791	0.456814	0.000720459
109	0.687525	7.11832	0.451799	0.00073154
110	0.736686	17.4376	0.455719	0.000720978
111	0.73285	3.30378	0.459912	0.000709598
112	0.728112	3.66326	0.454624	0.000721498
113	0.730866	6.13861	0.456422	0.000716027
114	0.731907	0.74035	0.458457	0.000709985
115	0.727748	13.2746	0.456052	0.000714959
116	0.727941	6.33053	0.453623	0.000719972
117	0.728938	6.82091	0.453843	0.000718428
118	0.729204	6.28864	0.453121	0.000719189
119	0.728827	3.37914	0.45416	0.000715723
120	0.729946	13.4372	0.455811	0.000710863
121	0.728741	7.52918	0.457269	0.000706351
122	0.727434	6.23729	0.45788	0.00070387
123	0.728216	6.91382	0.457824	0.000702956
124	0.731079	6.27751	0.457497	0.000702735
125	0.730191	12.4621	0.459037	0.000698404
126	0.731291	7.4249	0.461923	0.000690568
127	0.733337	6.23738	0.466225	0.000679571
128	0.732382	3.34618	0.468279	0.000674327
129	0.731806	0.738775	0.470321	0.000668607
130	0.731338	5.99638	0.473242	0.000660672
131	0.729074	0.737073	0.479203	0.000645762
132	0.726371	6.84548	0.482136	0.00063771
133	0.728274	7.59939	0.482593	0.000635609
134	0.729773	6.75399	0.48621	0.000625593
135	0.728814	7.04779	0.486439	0.000624243
136	0.731815	6.75757	0.489083	0.000616964
137	0.729511	6.22974	0.491962	0.000609502
138	0.729861	6.48935	0.492246	0.000607992
139	0.730439	7.4037	0.494115	0.000602682
140	0.733068	7.18186	0.495986	0.000597529
141	0.735453	6.49724	0.500151	0.000587158
142	0.7301	5.93366	0.501819	0.000582855
143	0.729322	0.736488	0.504521	0.000575772
144	0.730774	12.6109	0.506781	0.000569704
145	0.730841	3.3972	0.508163	0.000565627
146	0.728732	55.6474	0.509927	0.000560711
147	0.729985	0.733046	0.512041	0.000554982
148	0.685441	7.33533	0.509085	0.000561026
149	0.681846	6.25715	0.506463	0.000566267
