generation	best_fitness	median_fitness	predicted_fitness	fitness_progress
0	9.64338	34.7675	0	0
1	7.894	12.4577	-866.795	0.221609
2	6.97281	11.8269	-660.67	0.174765
3	7.35703	12.6669	-454.131	0.124706
4	7.6811	12.1759	-134.689	0.0378095
5	7.23497	11.7688	-51.6032	0.0155812
6	7.52157	11.1221	-30.1659	0.0097807
7	7.40788	12.1134	-31.1428	0.0100804
8	7.45644	13.6089	-9.62422	0.00451021
9	6.56145	11.701	-31.297	0.0101831
10	6.53349	10.8856	-35.904	0.0114626
11	6.56671	12.0913	-43.8579	0.0139413
12	6.69533	11.7117	-44.4965	0.0141055
13	6.628	11.4756	-49.7047	0.0155471
14	6.46711	9.53604	-50.3823	0.015778
15	6.22787	12.1426	-52.8755	0.0166258
16	6.65356	12.9523	-41.5277	0.0136099
17	6.24424	11.3147	-40.3024	0.0133318
18	6.90752	12.832	-36.7729	0.0124319
19	6.82425	9.89027	-32.3852	0.011247
20	7.29217	11.0939	-31.5481	0.0110408
21	6.21083	10.1769	-30.469	0.0106579
22	6.62456	11.2948	-28.8291	0.0101727
23	6.57176	8.74046	-25.3912	0.00921123
24	6.68287	11.1859	-22.9199	0.00848954
25	6.92069	10.3477	-17.1736	0.00676935
26	6.89626	10.9024	-13.2348	0.00566912
27	7.05299	11.1802	-5.0289	0.00336421
28	7.48819	12.0543	-0.96138	0.00221903
29	6.84388	12.2333	2.56548	0.00122195
30	6.75499	12.2117	2.54046	0.00122565
31	7.31682	12.0251	4.62572	0.000641166
32	6.70484	10.3418	4.17404	0.000765737
33	6.87226	11.5406	4.61687	0.000641577
34	6.63849	12.1049	4.81706	0.000582509
35	6.42916	9.89734	3.86376	0.000844043
36	6.32065	16.2696	2.29559	0.00128276
37	6.39456	9.6477	1.42217	0.00152867
38	7.42432	13.9136	2.27808	0.00128441
39	6.21268	9.9112	1.83992	0.00140676
40	6.80771	10.8842	2.92092	0.00110128
41	6.42512	10.2395	2.1105	0.00132667
42	7.06871	12.513	2.90588	0.00110249
43	7.14432	11.1051	4.49088	0.000659761
44	7.01652	11.1501	5.39792	0.000407953
45	7.25889	9.8249	6.26535	0.000160538
46	7.42104	9.80165	7.79503	-0.000269216
47	7.31091	10.6378	8.43504	-0.00044513
48	7.70326	11.2738	9.49472	-0.00073674
49	7.37464	10.6436	10.2095	-0.000925117
50	7.45971	10.6939	10.6745	-0.00105032
51	7.24852	10.0975	11.0437	-0.00114921
52	7.24129	11.7577	11.6244	-0.00130258
53	6.93435	10.8352	11.1283	-0.00116658
54	6.93932	11.6199	10.9762	-0.00112633
55	8.08456	11.1666	11.242	-0.00119161
56	6.46942	11.0347	10.9917	-0.00112506
57	7.08027	10.1753	10.9117	-0.00110054
58	6.537	9.54167	10.5298	-0.000996876
59	6.97449	10.7523	9.9498	-0.00083418
60	7.0943	9.397	10.0039	-0.000840672
61	6.87098	12.0512	9.76711	-0.000781633
62	7.36689	10.98	10.0155	-0.000839966
63	6.69228	11.1351	9.7586	-0.000775892
64	6.68182	11.134	9.43509	-0.000695397
65	7.17543	11.998	9.54331	-0.000715508
66	7.26278	10.689	9.98771	-0.000825013
67	6.56087	9.1501	9.5532	-0.000714997
68	6.68377	8.31023	9.45425	-0.000694431
69	6.86456	15.564	9.02977	-0.00058357
70	6.69566	8.67702	8.82145	-0.000526532
71	7.03515	20.1613	8.82709	-0.000526027
72	6.39358	9.42033	8.59263	-0.00046368
73	6.40363	9.4913	8.06014	-0.000313322
74	6.30323	8.85739	7.83672	-0.000250742
75	5.86667	11.6342	7.4491	-0.000150218
76	6.24646	11.19	7.32321	-0.000120765
77	6.38874	11.2259	6.99032	-3.26023e-05
78	6.28466	10.2902	6.72959	3.85826e-05
79	6.50051	20.6244	6.38981	0.000130885
80	6.29346	9.75368	6.11446	0.000201894
81	5.95138	8.61045	5.32159	0.00040833
82	6.55512	11.1347	4.93705	0.000507371
83	8.48983	11.0352	5.48816	0.000363107
84	6.23435	9.57461	4.93015	0.000507628
85	6.56719	21.4325	4.83391	0.000532506
86	6.38486	10.2666	4.49886	0.000622512
87	0.783956	8.61059	4.33246	0.00066591
88	6.24209	10.3298	4.20674	0.000698297
89	6.13667	14.5777	4.0364	0.00074298
90	6.29902	11.6083	3.73897	0.000823299
91	0.780518	10.599	3.51211	0.000883137
92	5.98439	9.74185	3.13355	0.000983421
93	7.45884	11.2259	3.50015	0.000883918
94	6.58613	10.6539	3.55062	0.000869243
95	0.786237	9.08304	3.16788	0.000970638
96	5.92275	10.2004	2.33893	0.00119191
97	0.789011	10.019	2.13777	0.00124394
98	5.79227	10.1946	1.87149	0.0013144
99	5.86872	9.97761	1.72053	0.00135393
100	0.790165	10.0622	1.07923	0.00152641
101	5.99961	10.0892	0.829263	0.00159223
102	6.04562	10.5064	0.678483	0.00163164
103	6.07427	9.12906	0.565527	0.00166057
104	6.65501	10.3113	0.423279	0.00169786
105	5.84573	9.70673	-0.0322261	0.00182037
106	0.777685	9.17218	-0.162958	0.00185435
107	0.781664	9.20512	-0.231384	0.00187136
108	5.98606	8.72214	-0.313719	0.0018921
109	6.048	7.1073	-0.411045	0.00191683
110	0.779032	9.66921	-0.877446	0.00204171
111	0.773094	8.63296	-1.14917	0.0021141
112	5.94172	7.50607	-1.11306	0.00210283
113	0.777986	10.325	-1.49897	0.00220523
114	0.771074	7.78204	-1.54404	0.00221585
115	6.32061	8.90014	-1.52821	0.00221011
116	5.87083	7.8738	-1.57299	0.00222064
117	0.775448	8.61158	-1.79474	0.00227868
118	0.771049	8.62483	-1.94713	0.00231842
119	0.76755	13.0926	-2.13426	0.0023687
120	0.766183	8.96442	-2.28197	0.00240757
121	0.77472	8.69063	-2.57004	0.00248442
122	0.775468	16.922	-2.74868	0.00253086
123	0.773866	7.97553	-2.813	0.00254768
124	0.77363	10.6664	-2.89829	0.00257016
125	0.782871	8.80365	-3.05103	0.00261384
126	0.777855	9.104	-3.25311	0.00266952
127	0.769678	10.3939	-3.38377	0.00270368
128	0.773182	8.81038	-3.6094	0.00276391
129	6.47362	9.38447	-3.41881	0.00271101
130	0.769863	9.66182	-3.64519	0.00277157
131	0.765999	9.39807	-3.72996	0.00279435
132	5.82248	8.59794	-3.715	0.00278877
133	0.771069	9.01993	-3.84434	0.00282431
134	0.778221	9.83124	-4.00968	0.0028707
135	0.785586	14.2567	-4.13815	0.00290707
136	0.782979	8.26863	-4.58771	0.00303383
137	0.785493	8.86598	-4.73517	0.00307752
138	6.15059	10.8642	-4.62628	0.00304306
139	6.32873	9.81856	-4.21237	0.00292407
140	5.88147	9.56162	-4.11996	0.00289563
141	6.16047	10.6797	-3.98946	0.00285658
142	0.788433	7.26467	-4.15672	0.00290404
143	0.791444	16.3712	-4.2866	0.00294127
144	5.9352	10.0566	-4.19348	0.0029125
145	6.29645	9.70881	-4.06202	0.002873
146	0.794636	9.49963	-4.23024	0.00292101
147	0.785349	8.95291	-4.36082	0.00295867
148	0.779303	10.8536	-4.81913	0.00309008
149	0.781017	7.7887	-4.96894	0.00313542
