pelvis_tilt.offset                  	-0.08501918	-0.084604504	0.0021428718	
hip_flexion_r.offset                	0.13805402	0.14150377	0.0023647599	
knee_angle_r.offset                 	0.06251845	0.06433331	0.0021275374	
ankle_angle_r.offset                	0.094952615	0.095084988	0.0022982366	
hip_flexion_l.offset                	0.0055699551	0.010309225	0.0021196691	
knee_angle_l.offset                 	0.053892808	0.053871477	0.0022104829	
ankle_angle_l.offset                	-0.016180932	-0.017654156	0.0022584185	
leg0_l.stance_load_threshold        	0.16463686	0.16458974	0.0021162138	
leg1_r.stance_load_threshold        	0.17421675	0.17403617	0.002109524	
S11111.tib_ant_l.KL                 	1.5603298	1.5369336	0.02455281	
S11111.tib_ant_l.L0                 	0.80719111	0.7986786	0.0059527275	
S11111.tib_ant_l-soleus_l.KF        	-0.39586409	-0.39135833	0.0072856923	
S11111.tib_ant_r.KL                 	1.3797302	1.3465771	0.025346872	
S11111.tib_ant_r.L0                 	0.76001852	0.76081863	0.0060135703	
S11111.tib_ant_r-soleus_r.KF        	-0.27076449	-0.27294222	0.0074348249	
S00111.soleus_l.KF                  	0.86541761	0.87302169	0.014645922	
S00111.gastroc_l.KF                 	1.2929495	1.3185347	0.012823144	
S00111.soleus_r.KF                  	0.90052377	0.90723349	0.01336727	
S00111.gastroc_r.KF                 	1.2805234	1.2890112	0.012710416	
S00011.vasti_l.KF                   	1.0531494	1.0526637	0.012243213	
S00011.vasti_l.C0                   	0.0347318	0.034977134	0.0013669724	
S00011.vasti_l-knee_angle.pos_max   	-0.036044779	-0.036336967	0.0037282484	
S00011.hamstrings_l-pelvis_tilt_l.KP	0.69098901	0.67466348	0.039575685	
S00011.hamstrings_l-pelvis_tilt_l.KV	0.4500258	0.4514152	0.0054670458	
S00011.hamstrings_l-pelvis_tilt_l.C0	-0.017187069	-0.015003612	0.0020336232	
S00011.glut_max_l-pelvis_tilt_l.KP  	0.91236552	0.94344373	0.040540154	
S00011.glut_max_l-pelvis_tilt_l.KV  	0.99685011	1.0008293	0.0090840086	
S00011.glut_max_l-pelvis_tilt_l.C0  	0.0025231379	0.0030403769	0.0025422397	
S00011.iliopsoas_l-pelvis_tilt_l.KP 	-1.6975639	-1.7478489	0.048473867	
S00011.iliopsoas_l-pelvis_tilt_l.KV 	-0.75676518	-0.76176646	0.005266793	
S00011.iliopsoas_l-pelvis_tilt_l.C0 	0.19377881	0.19231116	0.0024120916	
S00011.vasti_r.KF                   	1.0912953	1.0910785	0.013444568	
S00011.vasti_r.C0                   	0.040457964	0.041929911	0.0014462673	
S00011.vasti_r-knee_angle.pos_max   	-0.10532349	-0.10658807	0.0037376496	
S00011.hamstrings_r-pelvis_tilt_r.KP	1.1046488	1.1784116	0.039886593	
S00011.hamstrings_r-pelvis_tilt_r.KV	0.5766253	0.58209738	0.0055554965	
S00011.hamstrings_r-pelvis_tilt_r.C0	0.0063682196	0.0090154472	0.0021761545	
S00011.glut_max_r-pelvis_tilt_r.KP  	1.1140654	1.0559421	0.039505657	
S00011.glut_max_r-pelvis_tilt_r.KV  	0.82615865	0.81537545	0.0086633475	
S00011.glut_max_r-pelvis_tilt_r.C0  	-0.014310247	-0.019331082	0.0025567387	
S00011.iliopsoas_r-pelvis_tilt_r.KP 	-2.1946153	-2.1219456	0.047488861	
S00011.iliopsoas_r-pelvis_tilt_r.KV 	-0.69004107	-0.68532016	0.0051945413	
S00011.iliopsoas_r-pelvis_tilt_r.C0 	0.22982092	0.23249751	0.0025550365	
S00100.iliopsoas_l.C0               	0.53892301	0.54270001	0.0072209194	
S00100.glut_max_l.C0                	-0.30356272	-0.29966745	0.0054099677	
S00100.iliopsoas_r.C0               	0.59489377	0.5908465	0.0075788888	
S00100.glut_max_r.C0                	-0.28030775	-0.27722413	0.0053565025	
S11000.iliopsoas_l.KL               	0.23113786	0.23471027	0.0068657324	
S11000.iliopsoas_l.L0               	0.09732363	0.097248266	0.012507678	
S11000.iliopsoas_l-pelvis_tilt_l.P0 	-0.12818425	-0.12996707	0.0022030856	
S11000.iliopsoas_l-pelvis_tilt_l.KP 	0.71357006	0.74093644	0.026170357	
S11000.iliopsoas_l-pelvis_tilt_l.KV 	0.29545913	0.30002022	0.0060310433	
S11000.iliopsoas_l-hamstrings_l.KL  	-0.40871212	-0.45618529	0.062448989	
S11000.iliopsoas_l-hamstrings_l.L0  	0.80401833	0.79420456	0.011197809	
S11000.hamstrings_l.KF              	-0.46646557	-0.47550845	0.015409701	
S11000.glut_max_l.KF                	0.47425932	0.4719598	0.0079657391	
S11000.iliopsoas_r.KL               	0.15223528	0.14892518	0.006761518	
S11000.iliopsoas_r.L0               	0.25923736	0.2524624	0.012508615	
S11000.iliopsoas_r-pelvis_tilt_r.P0 	-0.12122108	-0.11859602	0.0023218188	
S11000.iliopsoas_r-pelvis_tilt_r.KP 	0.910647	0.8862722	0.025055109	
S11000.iliopsoas_r-pelvis_tilt_r.KV 	0.33863096	0.34729207	0.0061173513	
S11000.iliopsoas_r-hamstrings_r.KL  	-0.29296988	-0.29787376	0.061880935	
S11000.iliopsoas_r-hamstrings_r.L0  	1.0537302	1.0617827	0.010436584	
S11000.hamstrings_r.KF              	-0.3907422	-0.39909449	0.015174951	
S11000.glut_max_r.KF                	0.35596112	0.36684399	0.0081471266	
