generation	best_fitness	median_fitness	predicted_fitness	fitness_progress
0	48.4103	62.1188	0	0
1	20.3908	61.311	-13989.3	1.37412
2	48.4565	61.014	60.0064	-0.000476828
3	0.595301	60.2476	-6453.9	0.715928
4	0.596784	60.4112	-5976.09	0.645192
5	18.3421	49.9391	-4124.19	0.507387
6	18.2323	57.2382	-1762.76	0.150164
7	15.0731	73.8484	-333.047	0.0374577
8	0.597484	49.1854	-915.707	0.0963621
9	0.597867	55.8536	-1576.48	0.200098
10	7.39389	46.2132	-1425.7	0.169077
11	5.74455	52.5475	-1138.57	0.140313
12	6.03706	17.4018	-769.06	0.120768
13	0.641337	46.4096	-822.222	0.133637
14	6.64908	37.7756	-772.153	0.137356
15	6.61218	18.0095	-721.113	0.130714
16	0.64169	11.5704	-641.47	0.121965
17	5.65631	7.03004	-534.537	0.101882
18	0.644233	9.37968	-436.508	0.106352
19	5.61662	57.9525	-349.636	0.0832206
20	0.636131	38.4168	-337.746	0.0957858
21	5.88432	24.6692	-309.25	0.0812995
22	6.11573	17.1388	-141.701	0.0401858
23	0.645958	18.0267	-165.128	0.0479794
24	0.637377	16.3532	-180.902	0.05655
25	0.642355	8.65584	-209.851	0.0712515
26	0.645601	21.7338	-201.569	0.0709405
27	0.590614	6.59219	-199.602	0.0711991
28	0.637976	25.9197	-181.022	0.0706555
29	0.638851	51.0856	-169.687	0.0674843
30	0.584888	46.9629	-98.1444	0.0572669
31	0.639151	5.86883	-26.909	0.0390164
32	0.587762	30.8901	-19.5392	0.0332211
33	0.587218	44.2479	-12.3847	0.0262007
34	0.584939	46.9559	-9.79792	0.0228162
35	0.649609	41.2152	-6.45669	0.0174723
36	0.642137	38.1336	-4.98558	0.0146599
37	0.644572	24.0879	-4.04554	0.0124754
38	0.639363	44.5786	-3.22232	0.0104801
39	0.638196	32.454	-2.61528	0.00885243
40	0.584911	22.9216	-2.3962	0.00849765
41	0.585824	77.471	-2.18884	0.00797359
42	0.639788	38.3568	-1.85238	0.00711305
43	0.636258	22.7479	-1.50029	0.00609902
44	0.636304	8.88616	-1.33845	0.00561163
45	0.58742	25.44	-1.23375	0.00539594
46	0.637018	22.4146	-0.888255	0.00441519
47	0.590108	56.0196	-0.828728	0.00428476
48	0.586664	17.4464	-0.844935	0.00436383
49	5.82527	45.6956	-0.699235	0.00392189
50	0.595947	20.8454	-0.711397	0.00396161
51	0.63668	54.0682	-0.4795	0.00329518
52	0.637124	43.9391	-0.301588	0.00277315
53	0.638796	33.8375	-0.182192	0.00242859
54	0.586882	18.972	-0.206505	0.00249718
55	0.648113	37.8711	-0.107841	0.00221054
56	6.08036	27.4012	0.063669	0.00171002
57	5.95288	24.5191	0.194808	0.00132422
58	6.73788	9.46846	0.28475	0.00105743
59	7.15517	32.0388	0.37729	0.000782003
60	5.9307	8.27183	0.417443	0.000663709
61	7.35732	17.6474	0.456178	0.00054904
62	0.648087	8.21527	0.481086	0.000474649
63	5.65484	18.3616	0.490098	0.000447308
64	0.699584	17.6248	0.518799	0.000361033
65	0.639935	16.5651	0.540826	0.000296351
66	0.63767	7.05915	0.547853	0.000276023
67	0.652411	12.8454	0.554781	0.000255365
68	0.648587	26.6708	0.570835	0.000207859
69	0.64617	41.2562	0.582913	0.000173134
70	0.653051	47.1316	0.591101	0.000149801
71	0.64562	18.5376	0.60264	0.000116
72	0.661617	37.8173	0.619647	6.89744e-05
73	0.652516	9.83452	0.630143	4.05808e-05
74	0.646017	15.133	0.646665	-6.04535e-06
75	0.645862	39.5475	0.658724	-4.03386e-05
76	0.640037	17.4099	0.657807	-3.77288e-05
77	0.645406	44.068	0.660894	-4.68571e-05
78	0.65253	31.0707	0.66369	-5.49849e-05
79	0.637617	24.1583	0.660954	-4.68549e-05
80	0.6357	3.268	0.655099	-2.99892e-05
81	0.64006	21.2036	0.650762	-1.7826e-05
82	0.636534	0.654694	0.647001	-7.6158e-06
83	0.637728	3.27841	0.641509	4.94315e-06
84	0.652466	43.6223	0.648274	-1.10795e-05
85	0.641583	46.5377	0.64568	-6.58214e-06
86	0.636354	43.8711	0.634184	2.29969e-05
87	0.635207	0.652759	0.629924	3.52982e-05
88	0.635121	44.3176	0.626507	4.41107e-05
89	0.632741	43.6221	0.624401	4.97854e-05
90	0.631421	0.662861	0.620371	6.06491e-05
91	0.582099	0.642043	0.613855	7.93355e-05
92	0.633962	0.642479	0.607906	9.59731e-05
93	0.576532	9.60482	0.605265	0.000102822
94	0.630138	44.8743	0.601048	0.00011464
95	0.631166	10.2407	0.584567	0.000160995
96	0.639777	49.2818	0.57396	0.000191973
97	0.63876	43.4037	0.576453	0.000184954
98	0.573006	8.36307	0.568828	0.000206602
99	0.581013	42.1813	0.542818	0.000281659
100	0.580277	14.8335	0.509846	0.000379324
101	0.582555	31.1742	0.496756	0.000416295
102	0.574154	3.55802	0.493357	0.000424098
103	0.622043	0.640348	0.489051	0.000435739
104	0.57164	8.17801	0.484955	0.000446805
105	0.573024	0.643454	0.478721	0.000464132
106	0.570212	0.627788	0.430159	0.000604659
107	0.578218	13.8469	0.409833	0.000662593
108	0.566989	3.14188	0.391521	0.000714233
109	0.56989	6.50638	0.343049	0.00084991
110	0.569744	0.630473	0.329028	0.000887473
111	0.567016	0.631489	0.307754	0.000944043
112	0.568826	0.626137	0.286885	0.00100001
113	0.566976	0.630551	0.274932	0.00103127
114	0.564783	0.626696	0.259874	0.00107129
115	0.561362	0.61979	0.245185	0.00110678
116	0.563335	3.10419	0.221111	0.00116886
117	0.562481	0.601057	0.202503	0.00121875
118	0.565199	65.9821	0.173006	0.00129957
119	0.564465	0.57166	0.165021	0.0013202
120	0.564294	0.622264	0.155398	0.0013455
121	0.561348	0.567539	0.139604	0.00138841
122	0.562913	0.566309	0.113945	0.00145908
123	0.562442	0.623853	0.081857	0.00154817
124	0.563117	0.628545	0.0832961	0.0015425
125	0.562036	0.626496	0.0656281	0.00159183
126	0.562367	0.56752	0.0724379	0.00157078
127	0.560029	0.615388	0.0581672	0.00161043
128	0.558889	0.56309	0.0559409	0.00161525
129	0.559751	0.563392	0.055838	0.00161396
130	0.558631	0.576081	0.0533892	0.00161942
131	0.557824	0.563738	0.037012	0.0016648
132	0.558539	0.562668	0.0409546	0.00165195
133	0.557241	3.33896	0.0603401	0.00159486
134	0.560467	0.59072	0.0567679	0.00160367
135	0.557532	0.567335	0.0536436	0.00161107
136	0.558633	0.564842	0.0518966	0.0016146
137	0.558941	0.565992	0.0553901	0.00160303
138	0.557046	3.46679	0.0547767	0.00160326
139	0.557018	0.615598	0.0588202	0.00159012
140	0.556464	39.0915	0.0367198	0.00165185
141	0.556054	0.563738	0.0401441	0.00164053
142	0.55713	72.2943	0.0406706	0.00163748
143	0.55695	74.439	0.0368962	0.00164672
144	0.553118	0.565308	0.035229	0.00164994
145	0.552502	0.570648	0.0381911	0.00164008
146	0.555815	6.08325	0.0421242	0.00162747
147	0.553639	5.97526	0.0500109	0.00160343
148	0.553399	43.2037	0.0584376	0.00157807
149	0.553857	0.615566	0.065546	0.00155649
