generation	best_fitness	median_fitness	predicted_fitness	fitness_progress
0	0.554316	66.9103	0	0
1	0.554163	0.565717	0.477899	0.000275241
2	0.553105	0.590016	0.250582	0.00109331
3	0.556339	0.560862	0.477594	0.000275317
4	0.555329	3.14066	0.681974	-0.00045642
5	0.55574	0.561065	0.751431	-0.000705276
6	0.55503	0.5629	0.696358	-0.000506017
7	0.555389	0.55993	0.644868	-0.00032216
8	0.554956	0.585746	0.598518	-0.00015612
9	0.553516	0.564809	0.550744	1.52499e-05
10	0.553177	0.562889	0.508038	0.000167971
11	0.554483	3.16307	0.487715	0.00024021
12	0.554826	6.02564	0.515537	0.00014063
13	0.554739	3.98167	0.527932	9.63617e-05
14	0.554523	0.561055	0.520673	0.000121992
15	0.552792	3.44727	0.516218	0.00013755
16	0.554207	40.699	0.510759	0.00015661
17	0.551581	54.2783	0.507371	0.000168299
18	0.553451	42.0312	0.502756	0.000184066
19	0.555138	0.559238	0.508361	0.000164152
20	0.554851	0.607278	0.511418	0.000153061
21	0.553644	43.6958	0.512998	0.000147143
22	0.555827	0.559927	0.517466	0.000131256
23	0.554844	0.586344	0.531351	8.23244e-05
24	0.55332	24.9986	0.526782	9.8078e-05
25	0.555692	0.557693	0.532842	7.67886e-05
26	0.554573	74.3134	0.537698	5.98852e-05
27	0.555374	59.3787	0.540801	4.89863e-05
28	0.554751	0.561248	0.547281	2.6184e-05
29	0.556081	72.2176	0.557307	-9.08225e-06
30	0.557109	6.68865	0.559227	-1.56462e-05
31	0.555913	6.07148	0.562866	-2.8371e-05
32	0.554509	0.562586	0.562808	-2.82038e-05
33	0.554526	0.564456	0.563537	-3.09633e-05
34	0.554887	4.14373	0.564378	-3.39744e-05
35	0.552955	0.560787	0.562585	-2.77819e-05
36	0.553199	0.584843	0.5589	-1.47252e-05
37	0.552719	70.1457	0.556453	-6.33199e-06
38	0.553057	70.8841	0.554409	5.75102e-07
39	0.552224	0.565438	0.551664	1.02104e-05
40	0.553793	3.2091	0.550129	1.55869e-05
41	0.553167	0.611437	0.547391	2.5118e-05
42	0.554032	37.463	0.548372	2.1666e-05
43	0.55277	94.0459	0.543258	3.89286e-05
44	0.553581	7.38674	0.541521	4.48941e-05
45	0.553178	75.8934	0.542336	4.16626e-05
46	0.553305	5.74387	0.540579	4.72876e-05
47	0.55559	67.8678	0.543438	3.76738e-05
48	0.552157	68.325	0.540527	4.72898e-05
49	0.553776	3.14938	0.542843	3.94162e-05
50	0.553739	80.3702	0.541532	4.40407e-05
51	0.552731	53.7368	0.538936	5.27325e-05
52	0.554261	6.43653	0.538706	5.36599e-05
53	0.552621	6.60932	0.537094	5.88472e-05
54	0.556834	67.5472	0.538647	5.36628e-05
55	0.552138	0.558356	0.537029	5.88506e-05
56	0.55368	0.557715	0.538587	5.36656e-05
57	0.551636	0.556515	0.536851	5.9236e-05
58	0.554094	0.558017	0.537716	5.63597e-05
59	0.55257	0.55736	0.535407	6.39123e-05
