pelvis_tilt.offset                  	-0.060483941	-0.060647801	0.00064661425	
hip_flexion_r.offset                	0.13614313	0.13564107	0.00076495591	
knee_angle_r.offset                 	0.030424414	0.030368677	0.00067525025	
ankle_angle_r.offset                	0.079500342	0.078896768	0.00073193609	
hip_flexion_l.offset                	-0.0027306396	-0.0029404719	0.0006862712	
knee_angle_l.offset                 	0.084302491	0.084438429	0.00069095287	
ankle_angle_l.offset                	0.0049776035	0.0048617667	0.00074723793	
leg0_l.stance_load_threshold        	0.17119501	0.17133419	0.00068678199	
leg1_r.stance_load_threshold        	0.17065846	0.16997809	0.00069084028	
S11111.tib_ant_l.KL                 	1.7519444	1.7396952	0.0078638978	
S11111.tib_ant_l.L0                 	0.81219021	0.81255258	0.00183511	
S11111.tib_ant_l-soleus_l.KF        	-0.27227965	-0.27255032	0.0023765255	
S11111.tib_ant_r.KL                 	1.4276359	1.4338947	0.0078824065	
S11111.tib_ant_r.L0                 	0.74517318	0.7445752	0.0018934371	
S11111.tib_ant_r-soleus_r.KF        	-0.21982104	-0.21837364	0.0023202354	
S00111.soleus_l.KF                  	1.0935095	1.0986059	0.0045292179	
S00111.gastroc_l.KF                 	1.5098345	1.5119786	0.0043895782	
S00111.soleus_r.KF                  	1.0979501	1.0959023	0.0043447433	
S00111.gastroc_r.KF                 	1.4071816	1.4003107	0.0043033059	
S00011.vasti_l.KF                   	1.1773474	1.1743891	0.0044463134	
S00011.vasti_l.C0                   	0.030695748	0.030712512	0.00045795846	
S00011.vasti_l-knee_angle.pos_max   	-0.061476644	-0.062160046	0.0011626703	
S00011.hamstrings_l-pelvis_tilt_l.KP	0.69925978	0.70351592	0.012396541	
S00011.hamstrings_l-pelvis_tilt_l.KV	0.52000184	0.52221722	0.0018469236	
S00011.hamstrings_l-pelvis_tilt_l.C0	-0.017163707	-0.016467334	0.00067469789	
S00011.glut_max_l-pelvis_tilt_l.KP  	0.71351036	0.70883607	0.012503416	
S00011.glut_max_l-pelvis_tilt_l.KV  	0.7247825	0.72383338	0.0023302554	
S00011.glut_max_l-pelvis_tilt_l.C0  	-0.025451577	-0.025571165	0.00078765546	
S00011.iliopsoas_l-pelvis_tilt_l.KP 	-1.3111503	-1.3125674	0.01653215	
S00011.iliopsoas_l-pelvis_tilt_l.KV 	-0.74093643	-0.74047224	0.001750603	
S00011.iliopsoas_l-pelvis_tilt_l.C0 	0.16719217	0.1676781	0.00082798432	
S00011.vasti_r.KF                   	1.0838575	1.0853312	0.0047476657	
S00011.vasti_r.C0                   	0.065396889	0.065614791	0.00053662409	
S00011.vasti_r-knee_angle.pos_max   	-0.073027274	-0.074394234	0.0011042394	
S00011.hamstrings_r-pelvis_tilt_r.KP	0.91577262	0.89768874	0.012044868	
S00011.hamstrings_r-pelvis_tilt_r.KV	0.55632122	0.55633643	0.0018060349	
S00011.hamstrings_r-pelvis_tilt_r.C0	-0.014801158	-0.015237335	0.00064475749	
S00011.glut_max_r-pelvis_tilt_r.KP  	0.85690059	0.8358187	0.012641151	
S00011.glut_max_r-pelvis_tilt_r.KV  	0.7777454	0.77959247	0.0023898113	
S00011.glut_max_r-pelvis_tilt_r.C0  	-0.022578681	-0.021424241	0.0007926716	
S00011.iliopsoas_r-pelvis_tilt_r.KP 	-1.8594727	-1.8918439	0.01598631	
S00011.iliopsoas_r-pelvis_tilt_r.KV 	-0.76823437	-0.76823498	0.0017072357	
S00011.iliopsoas_r-pelvis_tilt_r.C0 	0.19265407	0.19167585	0.00077829342	
S00100.iliopsoas_l.C0               	0.51880207	0.51876275	0.0022270521	
S00100.glut_max_l.C0                	-0.20412316	-0.20134798	0.001687222	
S00100.iliopsoas_r.C0               	0.51969196	0.51891544	0.0021571236	
S00100.glut_max_r.C0                	-0.24789138	-0.24698457	0.0016584478	
S11000.iliopsoas_l.KL               	0.09602309	0.093363537	0.0022768954	
S11000.iliopsoas_l.L0               	0.03808003	0.033235715	0.0043482819	
S11000.iliopsoas_l-pelvis_tilt_l.P0 	-0.12641331	-0.12642272	0.00073474745	
S11000.iliopsoas_l-pelvis_tilt_l.KP 	0.85007277	0.86517405	0.0082018821	
S11000.iliopsoas_l-pelvis_tilt_l.KV 	0.25616735	0.25843075	0.0018092362	
S11000.iliopsoas_l-hamstrings_l.KL  	-1.2877807	-1.2962932	0.021015942	
S11000.iliopsoas_l-hamstrings_l.L0  	0.93229291	0.93032641	0.0035225043	
S11000.hamstrings_l.KF              	-0.20175699	-0.20603909	0.0050882784	
S11000.glut_max_l.KF                	0.44758782	0.44495674	0.002531867	
S11000.iliopsoas_r.KL               	0.11297325	0.11485924	0.0022731376	
S11000.iliopsoas_r.L0               	0.25745824	0.25606287	0.0045541135	
S11000.iliopsoas_r-pelvis_tilt_r.P0 	-0.11960168	-0.12001708	0.00073957881	
S11000.iliopsoas_r-pelvis_tilt_r.KP 	0.83259523	0.82742455	0.007874128	
S11000.iliopsoas_r-pelvis_tilt_r.KV 	0.24850793	0.24830788	0.001887449	
S11000.iliopsoas_r-hamstrings_r.KL  	-0.85572557	-0.84150567	0.019931794	
S11000.iliopsoas_r-hamstrings_r.L0  	0.97264896	0.97601257	0.0033619054	
S11000.hamstrings_r.KF              	-0.36505056	-0.37039557	0.005041852	
S11000.glut_max_r.KF                	0.39309143	0.39161584	0.0028139423	
