generation	best_fitness	median_fitness	predicted_fitness	fitness_progress
0	8.85609	16.1917	0	0
1	9.37526	10.5945	268.959	-0.0553764
2	8.76031	19.639	-15.1855	0.00545199
3	8.66734	9.68566	-37.8162	0.0106123
4	8.65607	11.1778	-27.6564	0.00831532
5	9.0545	10.0886	-16.9251	0.00586372
6	8.98052	9.98745	-6.64697	0.003502
7	8.76678	9.74208	2.76178	0.00136452
8	8.48484	9.41737	-6.17184	0.00339134
9	8.53461	9.66566	-14.5917	0.00532255
10	8.56362	10.3645	-11.0428	0.0045064
11	8.12881	15.8672	-14.684	0.00535103
12	8.41181	22.7234	-14.6832	0.00533625
13	8.39312	15.8438	-12.364	0.00481148
14	8.88324	21.7501	-9.61318	0.00418422
15	7.71547	9.95012	-12.4469	0.00483475
16	7.7935	9.94743	-14.8678	0.00539381
17	8.60666	21.5858	-12.5298	0.00485823
18	7.50017	8.96747	-14.9601	0.00542306
19	7.30931	19.924	-20.6209	0.00677375
20	7.37208	10.0108	-28.8946	0.00879352
21	7.59788	10.2369	-30.9499	0.00926287
22	8.17449	8.99708	-25.0472	0.00790132
23	7.39326	8.48526	-30.3862	0.00916326
24	7.44321	10.2895	-29.3463	0.00893287
25	8.1228	9.95979	-27.9456	0.00861666
26	7.56109	9.55988	-25.1918	0.00799935
27	7.88996	10.0833	-22.7647	0.00737554
28	7.08676	9.95983	-25.3219	0.00806386
29	7.79253	10.6628	-23.2269	0.00751515
30	7.04058	9.94539	-25.1323	0.00804823
31	7.01924	9.86912	-25.454	0.00813597
32	7.09048	10.6792	-24.8691	0.00801287
33	6.85389	7.98447	-25.0412	0.00807186
34	6.72677	8.63713	-26.363	0.00841219
35	7.22249	14.7814	-25.5983	0.00824239
36	7.11112	9.56644	-24.3423	0.00793825
37	6.90797	7.81148	-23.6412	0.00774558
38	7.05052	9.55083	-22.9936	0.00758964
39	6.79936	8.1628	-22.2723	0.00739947
40	6.66898	7.94557	-22.2962	0.00742827
41	6.85769	8.95764	-21.8344	0.00731647
42	6.90532	10.0888	-21.1088	0.00714205
43	6.54597	9.86403	-20.6056	0.00704007
44	6.60374	7.81257	-20.3067	0.00698358
45	6.64405	9.17669	-19.9915	0.00690898
46	6.61121	7.98625	-19.915	0.0068854
47	6.52477	9.53302	-19.7653	0.00685276
48	6.63185	15.9294	-19.346	0.00675078
49	6.8278	9.05191	-18.7912	0.00661472
50	6.46877	8.85595	-18.5687	0.00656646
51	6.48641	8.21208	-18.294	0.00650245
52	6.77085	9.48962	-18.1239	0.00646331
53	6.40369	9.26327	-17.7772	0.0063796
54	6.40952	7.74025	-17.3997	0.00628565
55	5.98368	7.96669	-17.6464	0.00636106
56	6.4484	9.33646	-17.4437	0.00631382
57	6.5309	8.90378	-17.2404	0.00627009
58	6.23963	8.7747	-16.4529	0.0060657
59	6.43599	10.1543	-15.9652	0.00595912
60	6.55403	15.9077	-15.4339	0.00584162
61	6.74781	7.81689	-15.1374	0.00577211
62	7.0254	10.7829	-14.662	0.00565399
63	6.48202	8.53612	-14.4316	0.00560265
64	6.60739	8.118	-13.9045	0.00547884
65	6.04521	8.25526	-13.5514	0.00538698
66	6.97892	9.43094	-13.3207	0.00532395
67	6.25559	7.84174	-13.0122	0.00524863
68	6.09175	9.4346	-12.5575	0.00512505
69	6.01287	9.12175	-12.4725	0.00510646
70	6.05643	7.75024	-11.8885	0.00495812
71	6.00477	9.19321	-11.3034	0.0048158
72	6.12197	7.70527	-11.245	0.00479579
73	5.88175	8.15586	-11.2341	0.00480329
74	5.97486	8.84077	-11.0808	0.00476197
75	5.92846	8.67746	-10.8404	0.00470516
76	5.90329	8.08624	-10.6601	0.00466279
77	6.34075	8.91885	-10.3283	0.00458019
78	5.98551	9.11714	-10.0981	0.00451867
79	6.20366	20.1563	-9.90625	0.00446941
80	6.17139	9.69857	-9.72233	0.00442656
81	6.5847	9.43925	-9.5637	0.00438716
82	6.20095	9.34469	-9.33556	0.00433044
83	5.99916	9.41079	-9.27884	0.00431379
84	6.42444	10.5079	-8.90776	0.00421172
85	5.9407	28.0636	-8.8364	0.004192
86	6.19579	9.31708	-8.59615	0.00413045
87	6.16068	8.16212	-8.3504	0.00406868
88	6.11342	8.63928	-8.24117	0.00403941
89	6.11479	8.56827	-8.04492	0.00398408
90	6.29028	9.47841	-7.9601	0.00396019
91	6.05176	8.65815	-7.84669	0.00392359
92	6.11228	7.68326	-7.64717	0.0038665
93	6.04887	8.79158	-7.57436	0.00384504
94	6.05129	13.1488	-7.4458	0.00380964
95	6.49847	21.3789	-7.38969	0.00379461
96	5.99413	8.905	-7.34138	0.00378168
97	6.11696	14.2059	-7.32772	0.00377796
98	5.82454	8.36698	-7.24388	0.00375536
99	5.92023	20.0802	-7.14308	0.00372702
100	6.0321	15.9063	-7.05234	0.00370186
101	0.759982	8.07738	-7.29101	0.00376643
102	5.77371	8.6339	-7.11299	0.00371851
103	5.94509	9.22118	-6.97124	0.00368029
104	5.79033	9.49674	-6.72769	0.00360892
105	5.87609	8.72027	-6.5756	0.00356574
106	6.26239	8.92488	-6.4301	0.00352297
107	6.03093	7.64908	-6.192	0.00345836
108	5.85582	14.3427	-6.11469	0.00343749
109	5.84454	7.51584	-5.88747	0.00337183
110	5.90053	14.3666	-5.85228	0.00335735
111	6.53035	22.3144	-5.83158	0.00335125
112	6.45993	9.55886	-5.52578	0.00327057
113	6.40784	15.4569	-5.3278	0.00321862
114	6.48797	8.93149	-5.24277	0.00319511
115	6.11323	9.62866	-5.11808	0.00315983
116	6.03189	9.40649	-4.76224	0.00306465
117	6.03605	8.7066	-4.51715	0.00300046
118	6.0443	8.81703	-4.19209	0.00291255
119	6.0012	8.59553	-3.9763	0.00285519
120	0.76212	9.25275	-4.23106	0.00292106
121	5.91815	9.4016	-4.0144	0.00286337
122	6.03027	8.73896	-3.89193	0.00282988
123	5.89649	7.48805	-3.84139	0.00281575
124	5.93159	7.45197	-3.64678	0.00276378
125	5.92465	9.57482	-3.52971	0.00273025
126	6.10484	9.13473	-3.47864	0.00271512
127	5.8345	8.74634	-3.32572	0.00267195
128	5.87235	14.9834	-3.18378	0.00263208
129	6.02897	7.04319	-3.06215	0.002598
130	6.0053	7.17962	-2.94119	0.00256427
131	6.01374	9.31784	-2.72487	0.00250626
132	6.24658	9.15904	-2.37043	0.00240814
133	5.91429	9.02606	-2.17396	0.00235313
134	5.92095	8.64388	-1.99403	0.00230271
135	5.87825	7.66631	-1.84881	0.00226176
136	5.91281	8.29906	-1.74145	0.0022312
137	5.83688	7.94542	-1.67369	0.00221133
138	5.95419	13.3842	-1.57726	0.00218355
139	5.9144	8.37843	-1.40438	0.0021348
140	6.14283	13.7093	-1.1826	0.00207362
141	5.90002	8.8045	-1.09138	0.0020472
142	5.89238	17.7566	-1.00609	0.00202271
143	6.35756	8.47327	-0.888898	0.00198937
144	6.58607	16.7678	-0.639445	0.00192116
145	5.97458	8.46012	-0.581256	0.00190401
146	6.19593	9.07997	-0.519623	0.0018858
147	5.94437	8.28274	-0.266777	0.00181655
148	6.09615	8.76412	-0.210832	0.00180008
149	5.90774	8.24307	-0.0952811	0.00176766
