generation	best_fitness	median_fitness	predicted_fitness	fitness_progress
0	23.0872	25.202	0	0
1	22.894	57.1749	-73.7237	0.00844043
2	22.7556	23.3427	-60.1468	0.00725987
3	22.7013	23.2545	-46.5425	0.00607356
4	22.2427	23.0181	-60.4784	0.00731296
5	22.632	22.8919	-46.8192	0.00611067
6	20.9735	22.7056	-60.81	0.00736684
7	22.0826	22.6783	-47.114	0.00615317
8	22.0423	22.6667	-46.3013	0.00608704
9	21.9363	22.6291	-45.4611	0.00601366
10	22.0536	22.3992	-41.5872	0.0056689
11	22.0043	35.0183	-31.2001	0.0047448
12	21.5144	22.3698	-34.6	0.00505457
13	21.2812	22.0799	-37.5242	0.00532143
14	20.9309	22.2241	-43.2843	0.00584201
15	21.0463	47.554	-44.7372	0.00598264
16	21.0388	21.8666	-42.8984	0.00581936
17	20.6445	21.7416	-45.0005	0.00601865
18	20.5701	22.0356	-45.7337	0.00609663
19	20.8357	22.9896	-45.2637	0.00605509
20	20.8681	21.7801	-43.4096	0.00588789
21	20.78	21.2619	-41.2629	0.00569648
22	20.7117	21.6157	-40.0291	0.00558573
23	19.4815	21.2189	-41.5097	0.00572912
24	19.306	20.4873	-43.9209	0.00595805
25	18.9844	62.989	-46.0536	0.00616712
26	18.8368	20.3342	-46.7958	0.00624902
27	18.8722	19.9064	-47.6909	0.00634173
28	18.8919	61.6363	-48.8391	0.00645994
29	18.535	23.9244	-51.5245	0.006723
30	17.8663	42.5477	-56.0926	0.00717701
31	17.8753	58.5105	-58.8995	0.00746163
32	18.243	20.0716	-59.7655	0.00755117
33	16.8257	43.5151	-61.3844	0.00772579
34	18.0473	61.7032	-60.8392	0.00767439
35	17.2277	21.01	-61.702	0.00778595
36	17.0617	42.6094	-62.3431	0.00788231
37	15.607	66.7757	-63.3501	0.00799836
38	16.6134	41.1154	-64.1326	0.00808907
39	16.8335	67.9901	-65.0419	0.00819558
40	16.5877	29.9281	-67.6733	0.0084597
41	16.5895	18.9672	-67.3947	0.00844987
42	16.9562	18.0448	-66.4513	0.00837645
43	16.5488	18.5281	-65.341	0.00829118
44	17.1889	45.1341	-64.8109	0.00826248
45	16.3089	17.9397	-64.4203	0.00824036
46	16.0761	18.2413	-64.8007	0.00829468
47	16.7217	48.914	-64.2096	0.0082327
48	16.183	17.1397	-64.2395	0.00823363
49	15.9481	17.4026	-64.2659	0.00824832
50	15.8594	16.6992	-64.2483	0.00826063
51	15.1486	17.3326	-64.4619	0.00830423
52	14.8279	16.875	-64.8786	0.00837148
53	15.2296	16.3378	-64.7806	0.00837377
54	15.0716	29.3325	-64.8853	0.00839939
55	14.5969	28.2867	-64.9908	0.00842743
56	14.7605	16.1598	-64.7947	0.00843024
57	14.8076	34.8858	-64.6241	0.00842841
58	13.7807	30.5074	-65.1116	0.00850191
59	13.9133	16.4276	-65.4834	0.00855817
60	13.3395	16.0546	-65.7927	0.00861165
61	13.4391	14.894	-66.0552	0.00866397
62	13.2836	15.8857	-66.423	0.00872495
63	12.6888	31.5728	-66.8294	0.00879153
64	12.7565	16.1997	-67.0383	0.00884346
65	13.4836	15.5911	-66.9505	0.00884885
66	13.4989	15.4614	-67.018	0.00887618
67	14.3066	16.6673	-66.7837	0.00886907
68	13.4299	15.5684	-66.8013	0.00889059
69	13.9551	15.9546	-66.1925	0.00884385
70	13.1363	15.2075	-65.8813	0.00882739
71	13.232	14.7809	-65.2855	0.00879089
72	12.8194	14.7872	-64.8494	0.00876749
73	12.3912	26.5298	-64.1493	0.00869657
74	12.4038	32.3863	-63.8862	0.00868479
75	12.4637	14.7047	-63.9761	0.00871239
76	12.1639	14.986	-63.1362	0.00862159
77	13.0033	20.8677	-62.7141	0.00859562
78	13.3388	15.3831	-62.4514	0.00858654
79	11.6808	14.6249	-62.0672	0.00856291
80	12.6938	26.0612	-61.9177	0.00855906
81	11.6303	14.0048	-61.6633	0.00854304
82	11.8244	35.5954	-60.8518	0.00846158
83	12.927	14.1384	-60.7063	0.00846679
84	12.8851	15.1322	-60.4739	0.00846319
85	11.976	36.4277	-60.3007	0.00846591
86	11.9535	35.2578	-60.2149	0.00847794
87	11.888	32.5081	-60.3057	0.00850601
88	12.5033	20.5563	-60.0902	0.0084989
89	12.9827	14.6249	-59.7281	0.00848342
90	12.6658	14.5557	-59.7262	0.00849798
91	11.6815	14.4289	-59.2767	0.00846186
92	11.4935	13.3985	-59.1841	0.00846884
93	11.9156	13.1856	-58.9388	0.0084582
94	11.25	13.7822	-58.8822	0.00846894
95	10.5327	13.4624	-58.834	0.00848675
96	11.6991	37.1312	-58.6576	0.00848876
97	11.7927	13.6984	-58.1125	0.0084469
98	11.4339	13.1753	-57.9426	0.00844254
99	10.963	13.0562	-57.7612	0.00843547
100	10.7197	34.613	-57.6712	0.00844204
101	11.0395	12.4126	-57.4502	0.00842678
102	10.7222	12.5265	-57.0279	0.00837983
103	11.1509	20.7377	-56.582	0.00834157
104	11.5879	13.7331	-56.1811	0.00831517
105	11.256	12.4993	-56.0891	0.00831762
106	11.2603	13.712	-55.6815	0.00826949
107	11.6917	12.8142	-55.1416	0.00817057
108	10.6176	13.1928	-54.4655	0.00808868
109	10.9062	13.4606	-54.1396	0.00805243
110	10.6817	12.304	-53.8433	0.00800928
111	10.8837	17.8005	-53.7853	0.00801864
112	10.7568	12.5516	-53.6752	0.00802346
113	10.2	11.7823	-53.5048	0.008021
114	10.4588	11.7782	-52.8541	0.00796631
115	9.52785	12.5903	-52.4973	0.0079392
116	10.3934	12.2643	-52.0405	0.00790517
117	9.99833	12.7121	-51.6205	0.00787928
118	9.74423	13.3693	-51.1198	0.00783168
119	10.3463	12.3938	-50.8134	0.00780179
120	9.81765	12.0848	-50.1691	0.00772536
121	10.3172	11.3377	-49.7548	0.00768102
122	9.55415	15.051	-49.048	0.00761034
123	9.88404	29.2156	-48.3642	0.00753629
124	9.73613	23.8791	-47.7801	0.00748855
125	9.09241	33.9397	-46.2151	0.00728944
126	9.99164	11.8353	-45.1389	0.00716852
127	9.49876	11.5363	-44.4709	0.00708498
128	10.0356	13.3092	-43.5168	0.00696856
129	9.18511	11.1462	-42.934	0.00690386
130	10.0316	12.4433	-42.289	0.0068408
131	9.84268	11.8957	-41.0269	0.00672121
132	9.71019	11.5784	-40.0142	0.00661802
133	9.86399	14.3759	-39.9186	0.00661176
134	9.44896	12.7855	-39.9289	0.00662299
135	9.82533	10.7244	-39.4179	0.00656558
136	9.51251	11.0898	-38.8847	0.00652385
137	9.03691	10.4779	-37.9541	0.00644031
138	8.67371	10.8188	-37.4499	0.00637452
139	8.77509	10.1611	-37.1996	0.0063484
140	9.79188	19.2384	-36.168	0.00624943
141	9.21525	10.7026	-35.85	0.00621589
142	8.79856	10.3876	-35.5215	0.00618261
143	8.84065	13.7558	-35.0771	0.0061239
144	9.11598	23.0613	-34.3467	0.00604456
145	9.17165	10.9666	-34.1113	0.00602185
146	8.73714	10.4203	-33.9324	0.00600258
147	8.77984	10.1424	-33.7199	0.00598039
148	7.91201	9.90214	-33.6197	0.00597824
149	8.06492	9.99073	-33.0866	0.00591651
