pelvis_tilt.offset                  	-0.074487795	-0.073229583	0.00097728317	
hip_flexion_r.offset                	0.12380676	0.1235768	0.0010631232	
knee_angle_r.offset                 	0.05066574	0.050765146	0.00095292919	
ankle_angle_r.offset                	0.068740427	0.067222152	0.0010075432	
hip_flexion_l.offset                	0.014852495	0.014143047	0.00094993024	
knee_angle_l.offset                 	0.046789628	0.046155602	0.0010215051	
ankle_angle_l.offset                	-0.0054995749	-0.0039546562	0.00099632851	
leg0_l.stance_load_threshold        	0.16996346	0.17005449	0.0009550301	
leg1_r.stance_load_threshold        	0.19781245	0.19692707	0.00095388687	
S11111.tib_ant_l.KL                 	1.6258043	1.6325208	0.010983347	
S11111.tib_ant_l.L0                 	0.79655137	0.79217015	0.0026449657	
S11111.tib_ant_l-soleus_l.KF        	-0.35109581	-0.35151431	0.0033093357	
S11111.tib_ant_r.KL                 	1.5239814	1.5251076	0.01120933	
S11111.tib_ant_r.L0                 	0.78745812	0.78622918	0.0027131736	
S11111.tib_ant_r-soleus_r.KF        	-0.29448102	-0.28926348	0.0032213714	
S00111.soleus_l.KF                  	1.0486227	1.0534964	0.0062032864	
S00111.gastroc_l.KF                 	1.3380131	1.3372825	0.0058436031	
S00111.soleus_r.KF                  	1.0306316	1.0188005	0.0060627903	
S00111.gastroc_r.KF                 	1.2771477	1.2793356	0.0058451746	
S00011.vasti_l.KF                   	1.0123063	1.0144279	0.0057141009	
S00011.vasti_l.C0                   	0.033880995	0.033621982	0.00062768344	
S00011.vasti_l-knee_angle.pos_max   	-0.063230981	-0.062661459	0.0016559681	
S00011.hamstrings_l-pelvis_tilt_l.KP	0.73928569	0.71727953	0.017783663	
S00011.hamstrings_l-pelvis_tilt_l.KV	0.45274896	0.45124612	0.0024298877	
S00011.hamstrings_l-pelvis_tilt_l.C0	-0.0025510182	-0.0016217894	0.00090963702	
S00011.glut_max_l-pelvis_tilt_l.KP  	0.60035861	0.62655698	0.01850771	
S00011.glut_max_l-pelvis_tilt_l.KV  	0.87439761	0.87008881	0.0039210442	
S00011.glut_max_l-pelvis_tilt_l.C0  	-0.011888192	-0.011904528	0.0011320807	
S00011.iliopsoas_l-pelvis_tilt_l.KP 	-1.6908543	-1.6799427	0.021582834	
S00011.iliopsoas_l-pelvis_tilt_l.KV 	-0.77153921	-0.77406952	0.0023697643	
S00011.iliopsoas_l-pelvis_tilt_l.C0 	0.18963821	0.18855648	0.0010953129	
S00011.vasti_r.KF                   	0.91218132	0.91885851	0.0061120456	
S00011.vasti_r.C0                   	0.049738188	0.050691773	0.00065552109	
S00011.vasti_r-knee_angle.pos_max   	-0.10027807	-0.10068712	0.001696058	
S00011.hamstrings_r-pelvis_tilt_r.KP	1.5279224	1.5276707	0.018067962	
S00011.hamstrings_r-pelvis_tilt_r.KV	0.55023866	0.5527407	0.0024931319	
S00011.hamstrings_r-pelvis_tilt_r.C0	-0.00085286554	-0.0012151185	0.00096143456	
S00011.glut_max_r-pelvis_tilt_r.KP  	0.97998691	0.96909292	0.017899262	
S00011.glut_max_r-pelvis_tilt_r.KV  	0.77933767	0.77864647	0.0038540473	
S00011.glut_max_r-pelvis_tilt_r.C0  	-0.011545698	-0.011904294	0.0011373465	
S00011.iliopsoas_r-pelvis_tilt_r.KP 	-2.0103134	-1.9852631	0.022077314	
S00011.iliopsoas_r-pelvis_tilt_r.KV 	-0.68505109	-0.68818535	0.0023617232	
S00011.iliopsoas_r-pelvis_tilt_r.C0 	0.23421935	0.23614804	0.0011498071	
S00100.iliopsoas_l.C0               	0.53561471	0.53549191	0.0033339664	
S00100.glut_max_l.C0                	-0.29245935	-0.29261375	0.0023865594	
S00100.iliopsoas_r.C0               	0.51800927	0.52016138	0.0033104597	
S00100.glut_max_r.C0                	-0.30667548	-0.30353309	0.0023806724	
S11000.iliopsoas_l.KL               	0.13141226	0.12705958	0.0030889845	
S11000.iliopsoas_l.L0               	0.13357975	0.1277838	0.0057166244	
S11000.iliopsoas_l-pelvis_tilt_l.P0 	-0.13035823	-0.12944762	0.00098658934	
S11000.iliopsoas_l-pelvis_tilt_l.KP 	0.81124861	0.81823695	0.011670922	
S11000.iliopsoas_l-pelvis_tilt_l.KV 	0.24569442	0.24593754	0.0027726454	
S11000.iliopsoas_l-hamstrings_l.KL  	-0.61544875	-0.63063237	0.028436447	
S11000.iliopsoas_l-hamstrings_l.L0  	0.92807775	0.9265206	0.0049988738	
S11000.hamstrings_l.KF              	-0.17611228	-0.17767395	0.0069394533	
S11000.glut_max_l.KF                	0.44497289	0.4473756	0.0035892469	
S11000.iliopsoas_r.KL               	0.14468371	0.14800539	0.0030380305	
S11000.iliopsoas_r.L0               	0.11614649	0.11261219	0.0056257611	
S11000.iliopsoas_r-pelvis_tilt_r.P0 	-0.11141841	-0.1118511	0.00099932967	
S11000.iliopsoas_r-pelvis_tilt_r.KP 	0.99803121	0.99614789	0.01136929	
S11000.iliopsoas_r-pelvis_tilt_r.KV 	0.32724334	0.32663747	0.0027699254	
S11000.iliopsoas_r-hamstrings_r.KL  	-0.67734977	-0.66738096	0.028251593	
S11000.iliopsoas_r-hamstrings_r.L0  	0.99315074	0.99826336	0.0047410239	
S11000.hamstrings_r.KF              	-0.35757614	-0.3584747	0.0067100534	
S11000.glut_max_r.KF                	0.40998194	0.41001796	0.0036533454	
