generation	best_fitness	median_fitness	predicted_fitness	fitness_progress
0	0.587956	21.1509	0	0
1	0.638538	0.649899	25.9294	-0.079215
2	0.59112	54.4568	1.38197	-0.00267935
3	0.641202	38.1331	5.46162	-0.0156036
4	0.639687	41.0571	5.40974	-0.015255
5	0.639512	57.4457	1.06873	-0.00134324
6	0.64228	65.8371	1.39503	-0.00235783
7	0.587549	3.15024	0.832077	-0.000599053
8	0.586826	30.6533	0.691261	-0.000162764
9	0.637821	64.1252	0.571484	0.000207361
10	0.588035	18.0859	0.499007	0.000430136
11	0.638829	67.1479	0.571219	0.000207404
12	0.585952	0.643187	0.498459	0.000430321
13	0.58578	66.8147	0.330917	0.000908468
14	0.586056	3.20027	0.1377	0.00151501
15	0.585962	52.0476	0.274029	0.00105639
16	0.587611	45.5962	0.338935	0.000836889
17	0.58663	43.8948	0.358982	0.000769708
18	0.589169	53.2413	0.427491	0.000539282
19	0.587465	0.638144	0.450294	0.000462898
20	0.588834	53.5833	0.47053	0.000395148
21	0.588937	43.2174	0.485255	0.000345891
22	0.591998	21.192	0.515668	0.00024604
23	0.587147	14.5979	0.512454	0.000254925
24	0.588146	0.643395	0.532535	0.000188696
25	0.587997	0.616506	0.534016	0.000183267
26	0.588384	10.0477	0.556202	0.000108071
27	0.589113	36.2593	0.588425	-5.43769e-07
28	0.588146	26.2366	0.580124	2.72713e-05
29	0.588585	30.7548	0.588682	-1.40587e-06
30	0.589293	5.79597	0.591449	-1.03388e-05
31	0.587715	0.641281	0.588683	-1.40587e-06
32	0.58925	3.21466	0.591901	-1.18157e-05
33	0.588124	9.90524	0.590047	-5.96566e-06
34	0.590002	13.1653	0.5924	-1.34392e-05
35	0.588839	3.13212	0.599486	-3.66229e-05
36	0.590296	5.75066	0.600552	-3.99379e-05
37	0.589524	36.7981	0.608268	-6.47481e-05
38	0.588812	22.824	0.607671	-6.32054e-05
39	0.588845	9.45669	0.604085	-5.1493e-05
40	0.58737	3.17072	0.602213	-4.53287e-05
41	0.588613	18.0763	0.602319	-4.56052e-05
42	0.586712	17.797	0.597623	-2.99379e-05
43	0.588616	52.4951	0.596113	-2.51353e-05
44	0.587419	15.0106	0.592148	-1.1941e-05
45	0.586919	0.59208	0.588038	1.86886e-06
46	0.586279	0.59232	0.586774	5.95322e-06
47	0.586859	34.5904	0.583925	1.49122e-05
48	0.585819	5.71922	0.578531	3.20781e-05
49	0.588622	8.95895	0.58193	2.13576e-05
50	0.587368	24.1801	0.577471	3.53944e-05
51	0.585828	44.1804	0.573978	4.65281e-05
52	0.588672	48.102	0.576645	3.79292e-05
53	0.587839	6.11897	0.574054	4.65199e-05
54	0.587682	14.2246	0.572942	5.00974e-05
55	0.58807	5.93996	0.572969	5.01179e-05
56	0.588068	5.78012	0.572789	5.0834e-05
57	0.588408	0.639204	0.574434	4.53716e-05
58	0.5875	19.9411	0.572729	5.08366e-05
59	0.586377	0.639937	0.570343	5.83166e-05
60	0.590975	45.5415	0.57267	5.08391e-05
61	0.589991	47.8582	0.574327	4.53757e-05
62	0.58961	12.6622	0.575259	4.2484e-05
63	0.587134	0.61521	0.574993	4.30371e-05
64	0.58871	0.6438	0.576982	3.68533e-05
65	0.587985	22.5699	0.577639	3.47271e-05
66	0.590029	9.63566	0.578113	3.31371e-05
67	0.588997	22.5154	0.57865	3.13516e-05
68	0.58739	0.642211	0.578074	3.31382e-05
69	0.589118	45.7459	0.578966	3.02143e-05
70	0.587156	44.2074	0.578035	3.31393e-05
71	0.586764	0.641082	0.577516	3.47308e-05
72	0.58889	0.64083	0.577996	3.31404e-05
73	0.588356	15.3618	0.579213	2.91957e-05
74	0.586785	31.6578	0.578557	3.12068e-05
75	0.588266	0.64256	0.579626	2.7748e-05
76	0.586386	0.639884	0.57852	3.12078e-05
77	0.585051	0.589721	0.577856	3.32636e-05
78	0.586352	42.1467	0.576746	3.66528e-05
79	0.583549	0.587719	0.575811	3.91842e-05
80	0.583956	0.586632	0.573731	4.55128e-05
81	0.584351	0.611	0.572493	4.93928e-05
82	0.582456	0.585677	0.571467	5.25396e-05
83	0.580647	0.587217	0.570642	5.48607e-05
84	0.582204	34.7817	0.568952	6.00909e-05
85	0.582515	0.636446	0.568268	6.2099e-05
86	0.583424	39.4745	0.567432	6.45834e-05
87	0.58317	41.4538	0.565421	7.06328e-05
88	0.582843	0.587986	0.564076	7.46415e-05
89	0.637953	72.5313	0.565338	7.06378e-05
90	0.583663	47.7698	0.563988	7.46471e-05
91	0.581512	0.61179	0.562545	7.89949e-05
92	0.580151	16.5246	0.560809	8.43188e-05
93	0.582324	23.8249	0.559276	8.88101e-05
94	0.581743	63.7622	0.557621	9.32716e-05
95	0.583796	72.8738	0.556677	9.5907e-05
96	0.58206	53.9057	0.555008	0.000100811
97	0.582872	10.015	0.553857	0.000103971
98	0.581554	0.583977	0.553506	0.000104707
99	0.580554	21.212	0.552925	0.00010618
100	0.581082	51.3483	0.552249	0.000107935
101	0.58412	48.8366	0.55173	0.000109336
102	0.582332	0.585422	0.551466	0.000109877
103	0.581539	3.35782	0.550945	0.000111202
104	0.584383	28.072	0.550381	0.000112703
105	0.583917	24.0654	0.550867	0.00011113
106	0.583549	27.0852	0.550489	0.000112095
107	0.583623	25.6365	0.55111	0.000110203
108	0.583672	81.2235	0.550895	0.000110832
109	0.583036	12.1696	0.550615	0.000111353
110	0.584511	4.85972	0.550765	0.000110844
111	0.582863	0.634835	0.549443	0.000114406
112	0.582869	0.635482	0.549313	0.00011441
113	0.582779	0.609659	0.549204	0.000114532
114	0.581685	0.633816	0.548513	0.000116602
115	0.582042	32.2711	0.547642	0.000119191
116	0.581983	29.947	0.547014	0.000121021
117	0.582697	18.1204	0.5473	0.000119881
118	0.583453	11.7254	0.546909	0.000121008
119	0.583239	3.15111	0.547155	0.000120002
120	0.582965	0.586524	0.546794	0.000121019
121	0.582707	0.610671	0.546539	0.000121665
122	0.58188	0.634751	0.54602	0.000123137
123	0.582387	4.7985	0.545524	0.00012453
124	0.582083	18.9369	0.544847	0.000126438
125	0.582483	32.1461	0.544863	0.000126222
126	0.582901	16.9505	0.54524	0.000124837
127	0.584374	27.053	0.545324	0.000124398
128	0.583248	0.63447	0.545781	0.000122836
129	0.583006	0.635956	0.546137	0.000121602
130	0.583144	0.585359	0.546285	0.000121051
131	0.584499	38.9295	0.546463	0.000120339
132	0.58145	0.636198	0.546143	0.000121065
133	0.582091	12.6212	0.546178	0.000120793
134	0.581779	3.18468	0.546026	0.000121084
135	0.581788	17.3632	0.546285	0.000120161
136	0.583072	32.9136	0.547	0.000117686
137	0.582066	0.637256	0.54707	0.000117418
138	0.58207	34.9024	0.547613	0.000115654
139	0.582141	27.6203	0.547644	0.000115357
140	0.580444	28.4705	0.547477	0.000115668
141	0.580804	43.5373	0.546795	0.000117446
142	0.580877	16.875	0.546405	0.00011832
143	0.580729	11.2886	0.545981	0.000119439
144	0.58152	30.7604	0.546073	0.000118962
145	0.581586	5.00728	0.546312	0.000118095
146	0.583257	24.7332	0.546908	0.000116246
147	0.581212	0.609194	0.546882	0.000116122
148	0.580461	17.3351	0.546668	0.000116597
149	0.580189	40.9519	0.546706	0.00011607
