pelvis_tilt.offset                  	-0.11389354	-0.11354325	0.0025392935	
hip_flexion_r.offset                	0.11761566	0.11835761	0.0026283978	
knee_angle_r.offset                 	0.071428465	0.066550191	0.0023677855	
ankle_angle_r.offset                	0.073793537	0.075456162	0.002520376	
hip_flexion_l.offset                	0.04997219	0.046717339	0.0024155856	
knee_angle_l.offset                 	0.08686376	0.084173514	0.002423597	
ankle_angle_l.offset                	-0.017322152	-0.014402033	0.0025746269	
leg0_l.stance_load_threshold        	0.1689543	0.17103951	0.002539895	
leg1_r.stance_load_threshold        	0.15848768	0.15812384	0.0025442799	
S11111.tib_ant_l.KL                 	2.2018486	2.2399346	0.029688671	
S11111.tib_ant_l.L0                 	0.824654	0.81554888	0.0067002404	
S11111.tib_ant_l-soleus_l.KF        	-0.2395853	-0.24006323	0.0079562142	
S11111.tib_ant_r.KL                 	1.8527709	1.8199961	0.028374407	
S11111.tib_ant_r.L0                 	0.76253776	0.75650271	0.0065425502	
S11111.tib_ant_r-soleus_r.KF        	-0.1484755	-0.14783097	0.0079323978	
S00111.soleus_l.KF                  	0.85822634	0.87933178	0.017178957	
S00111.gastroc_l.KF                 	1.3126079	1.3350172	0.015498302	
S00111.soleus_r.KF                  	0.96916514	1.0021911	0.015650193	
S00111.gastroc_r.KF                 	1.2656662	1.2892583	0.014687898	
S00011.vasti_l.KF                   	1.1019536	1.1001367	0.015019648	
S00011.vasti_l.C0                   	0.035165078	0.035576597	0.0015650963	
S00011.vasti_l-knee_angle.pos_max   	-0.079255145	-0.083247725	0.0040829514	
S00011.hamstrings_l-pelvis_tilt_l.KP	0.56691394	0.54894591	0.044498945	
S00011.hamstrings_l-pelvis_tilt_l.KV	0.51867288	0.52546968	0.0062190539	
S00011.hamstrings_l-pelvis_tilt_l.C0	-0.014460447	-0.015039694	0.0024235684	
S00011.glut_max_l-pelvis_tilt_l.KP  	0.56876664	0.53696534	0.044674409	
S00011.glut_max_l-pelvis_tilt_l.KV  	0.71526965	0.70273405	0.0084358384	
S00011.glut_max_l-pelvis_tilt_l.C0  	-0.014907508	-0.021393314	0.0028545804	
S00011.iliopsoas_l-pelvis_tilt_l.KP 	-1.9269889	-1.9120671	0.049791433	
S00011.iliopsoas_l-pelvis_tilt_l.KV 	-0.76769842	-0.76389977	0.0060659214	
S00011.iliopsoas_l-pelvis_tilt_l.C0 	0.17802798	0.1782052	0.0027669262	
S00011.vasti_r.KF                   	1.0514874	1.0548297	0.015551368	
S00011.vasti_r.C0                   	0.034107419	0.03470527	0.0016570835	
S00011.vasti_r-knee_angle.pos_max   	-0.14509206	-0.14217019	0.0043912657	
S00011.hamstrings_r-pelvis_tilt_r.KP	0.89838492	0.96175845	0.043336269	
S00011.hamstrings_r-pelvis_tilt_r.KV	0.48395054	0.48423355	0.0063385741	
S00011.hamstrings_r-pelvis_tilt_r.C0	-0.014089568	-0.015236469	0.0024233752	
S00011.glut_max_r-pelvis_tilt_r.KP  	0.67195916	0.67734846	0.04453834	
S00011.glut_max_r-pelvis_tilt_r.KV  	0.70627919	0.71868875	0.0086311153	
S00011.glut_max_r-pelvis_tilt_r.C0  	0.0025362798	-0.0046186788	0.0027662441	
S00011.iliopsoas_r-pelvis_tilt_r.KP 	-2.5815126	-2.4726882	0.050848951	
S00011.iliopsoas_r-pelvis_tilt_r.KV 	-0.68053305	-0.68956636	0.0061056607	
S00011.iliopsoas_r-pelvis_tilt_r.C0 	0.17537492	0.1715012	0.0027953074	
S00100.iliopsoas_l.C0               	0.50967272	0.5054182	0.0078165534	
S00100.glut_max_l.C0                	-0.19944969	-0.19788067	0.0061885363	
S00100.iliopsoas_r.C0               	0.50829304	0.52782205	0.0081670682	
S00100.glut_max_r.C0                	-0.20142146	-0.19590934	0.0059173565	
S11000.iliopsoas_l.KL               	0.30506572	0.29455475	0.0081870413	
S11000.iliopsoas_l.L0               	0.15648441	0.18799861	0.01496877	
S11000.iliopsoas_l-pelvis_tilt_l.P0 	-0.1367396	-0.13290598	0.0024757025	
S11000.iliopsoas_l-pelvis_tilt_l.KP 	1.2503581	1.257956	0.029143739	
S11000.iliopsoas_l-pelvis_tilt_l.KV 	0.39790963	0.3981376	0.007015881	
S11000.iliopsoas_l-hamstrings_l.KL  	-0.5704674	-0.63401716	0.074576815	
S11000.iliopsoas_l-hamstrings_l.L0  	0.88903514	0.91006457	0.012439156	
S11000.hamstrings_l.KF              	-0.133003	-0.16709651	0.016547211	
S11000.glut_max_l.KF                	0.52367753	0.52551728	0.0092634571	
S11000.iliopsoas_r.KL               	0.32448431	0.3392743	0.0081187264	
S11000.iliopsoas_r.L0               	0.57916267	0.56957838	0.015760808	
S11000.iliopsoas_r-pelvis_tilt_r.P0 	-0.089461889	-0.090072729	0.0024673369	
S11000.iliopsoas_r-pelvis_tilt_r.KP 	1.233603	1.2000119	0.028165264	
S11000.iliopsoas_r-pelvis_tilt_r.KV 	0.11071854	0.12309322	0.0071097397	
S11000.iliopsoas_r-hamstrings_r.KL  	-0.86764384	-0.8317138	0.079378396	
S11000.iliopsoas_r-hamstrings_r.L0  	0.84996302	0.8227603	0.011977116	
S11000.hamstrings_r.KF              	-0.58693224	-0.58616203	0.016712502	
S11000.glut_max_r.KF                	0.47677764	0.47748615	0.0090162451	
