generation	best_fitness	median_fitness	predicted_fitness	fitness_progress
0	0.633708	54.4228	0	0
1	0.694299	52.6183	30.9895	-0.0872685
2	0.668728	56.3523	9.4237	-0.0265313
3	0.689507	6.057	9.71611	-0.026922
4	0.692251	21.3193	6.02799	-0.0157805
5	0.71394	30.768	7.5335	-0.0199316
6	0.683815	3.43789	4.44707	-0.0108636
7	0.677689	0.694837	2.06514	-0.00400304
8	0.674038	39.0122	0.896123	-0.000619052
9	0.685854	25.5548	0.360867	0.000940901
10	0.68404	4.21708	0.336561	0.00101134
11	0.677307	0.694996	-0.0233067	0.00204759
12	0.681203	28.4558	0.178079	0.0014647
13	0.688352	54.4485	0.333752	0.00101394
14	0.678402	43.4043	0.26342	0.00121504
15	0.686947	26.696	0.419482	0.000763097
16	0.683618	6.72486	0.66112	6.57901e-05
17	0.693037	8.00266	0.771846	-0.00025249
18	0.689511	31.5167	1.00724	-0.000930521
19	0.680425	0.719926	0.809562	-0.000359223
20	0.677227	0.697087	0.66094	6.57988e-05
21	0.686823	17.1318	0.769557	-0.000243881
22	0.684834	0.733217	0.730884	-0.000133726
23	0.687031	0.700769	0.782456	-0.000279481
24	0.684253	0.703553	0.73354	-0.000140735
25	0.679968	0.69788	0.704317	-5.76478e-05
26	0.671419	0.689098	0.680239	1.07686e-05
27	0.670963	0.691955	0.645602	0.00010877
28	0.676257	25.7696	0.595509	0.000250135
29	0.67576	0.72303	0.545878	0.00038984
30	0.674205	0.685394	0.526917	0.000442804
31	0.666597	0.690188	0.492585	0.000538637
32	0.664809	20.1566	0.466348	0.000612091
33	0.658828	0.677602	0.423263	0.000734518
34	0.657066	0.671849	0.394906	0.000813613
35	0.649973	0.672828	0.387957	0.000832121
36	0.653089	47.8861	0.371171	0.000877886
37	0.599223	0.666008	0.333911	0.000980385
38	0.650717	50.9043	0.301886	0.00106933
39	0.602326	20.406	0.233728	0.00126109
40	0.599173	0.661571	0.220496	0.00129687
41	0.593839	0.658978	0.201625	0.00134891
42	0.591731	19.452	0.11786	0.00158454
43	0.592301	44.098	0.0502236	0.00177574
44	0.593301	0.634471	0.0192183	0.00186255
45	0.59337	0.604048	-0.0156	0.00196029
46	0.588242	0.627382	-0.0390239	0.00202534
47	0.592825	42.0743	-0.0751193	0.00212711
48	0.597491	59.2854	-0.154611	0.00235338
49	0.593022	52.1546	-0.233687	0.00258071
50	0.594065	0.650625	-0.26686	0.00267967
51	0.591492	25.4701	-0.309027	0.00280218
52	0.591971	63.4946	-0.35979	0.00295103
53	0.589189	55.4297	-0.381019	0.00301346
54	0.585416	0.62795	-0.396112	0.00305806
55	0.588385	0.598934	-0.444479	0.00320183
56	0.593077	0.626318	-0.44593	0.00320485
57	0.588233	31.3465	-0.469826	0.0032743
58	0.593606	0.644284	-0.470435	0.00327371
59	0.590954	41.083	-0.479965	0.00329989
60	0.595345	28.485	-0.517977	0.00341172
61	0.590635	0.629214	-0.501603	0.00335859
62	0.589927	0.601675	-0.500251	0.0033511
63	0.599604	0.659042	-0.489908	0.00331827
64	0.591959	0.645594	-0.477122	0.00327847
65	0.59092	12.2149	-0.468502	0.00324883
66	0.586253	0.598921	-0.453304	0.00320087
67	0.586025	0.59427	-0.449433	0.00318863
68	0.583655	0.59581	-0.44816	0.00318368
69	0.580044	0.639704	-0.440404	0.00315774
70	0.581802	0.638482	-0.432372	0.00313114
71	0.586485	26.4405	-0.422706	0.00310181
72	0.586061	0.642859	-0.385816	0.00299543
73	0.585648	0.603758	-0.36043	0.0029208
74	0.579662	0.589872	-0.325886	0.00281862
75	0.580766	0.612156	-0.303461	0.00275146
76	0.577451	0.639045	-0.267556	0.00264477
77	0.581126	46.7723	-0.23285	0.00254253
78	0.582815	36.4321	-0.22586	0.00251971
79	0.578818	0.63774	-0.216082	0.00248857
80	0.578905	46.5166	-0.207981	0.00246283
81	0.580928	0.644708	-0.185405	0.00239516
82	0.578509	0.641349	-0.171218	0.00235188
83	0.579151	15.5502	-0.159128	0.00231488
84	0.576234	28.1219	-0.118662	0.00219528
85	0.579195	0.638663	-0.094556	0.00212322
86	0.577661	0.609791	-0.0780545	0.00207305
87	0.577577	0.607567	-0.0451934	0.001975
88	0.573847	28.1066	-0.0106559	0.00187146
89	0.572838	0.580186	0.0303207	0.00174816
90	0.573692	63.3627	0.0615056	0.00165352
91	0.575352	0.635557	0.0798647	0.00159662
92	0.572148	0.603057	0.100871	0.00153142
93	0.571807	0.580706	0.126264	0.00145284
94	0.57784	55.4223	0.130347	0.00143904
95	0.573994	0.580503	0.14722	0.00138601
96	0.571614	0.580693	0.159304	0.00134756
97	0.570682	0.632732	0.172799	0.00130459
98	0.571833	71.4309	0.182361	0.00127358
99	0.574897	0.632002	0.197145	0.00122658
100	0.575102	0.630653	0.207918	0.00119189
101	0.571448	0.600195	0.217093	0.0011623
102	0.573486	18.6961	0.218894	0.00115539
103	0.573154	0.601755	0.224682	0.00113621
104	0.572331	0.604501	0.227653	0.00112573
105	0.575198	0.579193	0.231287	0.00111332
106	0.570306	0.582352	0.241627	0.00107999
107	0.571005	0.630162	0.248811	0.00105669
108	0.569289	65.8472	0.251594	0.00104683
109	0.570157	0.614952	0.252723	0.001042
110	0.575233	64.9534	0.258388	0.00102317
111	0.569679	64.9217	0.264449	0.0010035
112	0.569792	29.4302	0.267892	0.000991564
113	0.567445	0.603232	0.271136	0.000980524
114	0.570857	63.1407	0.271844	0.000977093
115	0.578155	66.6645	0.274469	0.000968327
116	0.572212	6.10667	0.277369	0.000958556
117	0.574502	0.581394	0.278459	0.000954276
118	0.571775	0.585672	0.284067	0.000936574
119	0.571399	6.41862	0.288305	0.000922774
120	0.570985	0.580336	0.290145	0.000915906
121	0.572195	0.599275	0.291992	0.000909023
122	0.573167	0.62291	0.293312	0.000903937
123	0.571032	0.628864	0.297034	0.000891735
124	0.570046	0.577813	0.299723	0.000882349
125	0.568993	0.602457	0.300469	0.000878835
126	0.567315	0.573872	0.304618	0.000864711
127	0.566621	0.576405	0.308437	0.000851744
128	0.567808	0.621312	0.312664	0.000837483
129	0.56527	3.63757	0.314061	0.000831939
130	0.565776	0.572471	0.315338	0.000826805
131	0.567198	0.583008	0.316447	0.000822258
132	0.565446	0.598973	0.319403	0.000812106
133	0.566493	0.627717	0.322236	0.000802429
134	0.565443	0.575538	0.323987	0.000796076
135	0.567543	6.33846	0.327885	0.000783018
136	0.565542	0.622199	0.330491	0.000774183
137	0.567018	60.2277	0.331502	0.000769971
138	0.566756	0.622686	0.33287	0.000764738
139	0.568733	7.36587	0.336938	0.000751526
140	0.567651	0.572427	0.341885	0.000736136
141	0.570241	0.575147	0.343758	0.000730058
142	0.56724	0.572925	0.347169	0.000719302
143	0.566608	0.575468	0.349467	0.000711441
144	0.569027	65.9845	0.350468	0.000707595
145	0.570752	69.883	0.351258	0.000704503
146	0.567327	5.702	0.355245	0.000691598
147	0.566239	0.624971	0.356843	0.000686011
148	0.567753	0.624729	0.35841	0.000680401
149	0.568131	0.637094	0.359762	0.000675465
