pelvis_tilt.offset                  	-0.033004434	-0.032943905	0.00012685026	
hip_flexion_r.offset                	0.13916995	0.1389281	0.00015799171	
knee_angle_r.offset                 	0.035402309	0.035530483	0.00013757056	
ankle_angle_r.offset                	0.08796845	0.088149513	0.00014393817	
hip_flexion_l.offset                	-0.0036194768	-0.0036939992	0.00013636283	
knee_angle_l.offset                 	0.08104106	0.080991114	0.00013637606	
ankle_angle_l.offset                	-0.0014158195	-0.0014974087	0.00013844662	
leg0_l.stance_load_threshold        	0.17750328	0.17759801	0.00013640179	
leg1_r.stance_load_threshold        	0.17900062	0.17896682	0.00013758577	
S11111.tib_ant_l.KL                 	1.6984505	1.6975225	0.0015419521	
S11111.tib_ant_l.L0                 	0.78682019	0.78720108	0.00037077761	
S11111.tib_ant_l-soleus_l.KF        	-0.25497248	-0.25489847	0.00044638918	
S11111.tib_ant_r.KL                 	1.5322606	1.5331447	0.0015724064	
S11111.tib_ant_r.L0                 	0.71602246	0.71575864	0.00037394558	
S11111.tib_ant_r-soleus_r.KF        	-0.26747956	-0.26772287	0.00042672248	
S00111.soleus_l.KF                  	1.0433361	1.0429513	0.00084474649	
S00111.gastroc_l.KF                 	1.442678	1.442287	0.00088395033	
S00111.soleus_r.KF                  	1.0468978	1.0477015	0.00085622265	
S00111.gastroc_r.KF                 	1.4216755	1.4220483	0.00081954604	
S00011.vasti_l.KF                   	1.1737368	1.1729556	0.00085136793	
S00011.vasti_l.C0                   	0.021423745	0.021406051	8.9602031e-05	
S00011.vasti_l-knee_angle.pos_max   	-0.081187884	-0.080833795	0.00021718552	
S00011.hamstrings_l-pelvis_tilt_l.KP	0.6935449	0.69406596	0.002191961	
S00011.hamstrings_l-pelvis_tilt_l.KV	0.49217449	0.49235515	0.00036433885	
S00011.hamstrings_l-pelvis_tilt_l.C0	-0.019148086	-0.01905514	0.00012937783	
S00011.glut_max_l-pelvis_tilt_l.KP  	1.1841146	1.1858388	0.0025643094	
S00011.glut_max_l-pelvis_tilt_l.KV  	0.71133847	0.711699	0.00048113481	
S00011.glut_max_l-pelvis_tilt_l.C0  	-0.047670326	-0.0477977	0.00016041999	
S00011.iliopsoas_l-pelvis_tilt_l.KP 	-1.3195355	-1.3208403	0.0031115858	
S00011.iliopsoas_l-pelvis_tilt_l.KV 	-0.6889753	-0.68886944	0.00034376967	
S00011.iliopsoas_l-pelvis_tilt_l.C0 	0.16513139	0.16519475	0.00015499521	
S00011.vasti_r.KF                   	1.0047541	1.0055699	0.00087971472	
S00011.vasti_r.C0                   	0.062578856	0.062511826	9.4768413e-05	
S00011.vasti_r-knee_angle.pos_max   	-0.084422852	-0.084622561	0.00020828808	
S00011.hamstrings_r-pelvis_tilt_r.KP	1.1330052	1.1323094	0.0022504238	
S00011.hamstrings_r-pelvis_tilt_r.KV	0.53278628	0.53273891	0.000370132	
S00011.hamstrings_r-pelvis_tilt_r.C0	-0.019302512	-0.019526026	0.00012638322	
S00011.glut_max_r-pelvis_tilt_r.KP  	0.63201353	0.63014603	0.002482573	
S00011.glut_max_r-pelvis_tilt_r.KV  	0.75460348	0.75470081	0.00044556321	
S00011.glut_max_r-pelvis_tilt_r.C0  	-0.0086186823	-0.0086702931	0.00016317761	
S00011.iliopsoas_r-pelvis_tilt_r.KP 	-2.0953638	-2.0982892	0.0030897506	
S00011.iliopsoas_r-pelvis_tilt_r.KV 	-0.78648718	-0.78587228	0.00032993267	
S00011.iliopsoas_r-pelvis_tilt_r.C0 	0.19173568	0.19185484	0.00015946906	
S00100.iliopsoas_l.C0               	0.50314951	0.50326366	0.0004180704	
S00100.glut_max_l.C0                	-0.20103332	-0.2014886	0.00032848547	
S00100.iliopsoas_r.C0               	0.50571486	0.50584617	0.00040793846	
S00100.glut_max_r.C0                	-0.25822215	-0.25824215	0.00032959158	
S11000.iliopsoas_l.KL               	0.10896126	0.10995525	0.00043735289	
S11000.iliopsoas_l.L0               	0.12024164	0.11928644	0.00085148462	
S11000.iliopsoas_l-pelvis_tilt_l.P0 	-0.13579262	-0.13589001	0.00014496723	
S11000.iliopsoas_l-pelvis_tilt_l.KP 	0.82494744	0.82522663	0.0015992825	
S11000.iliopsoas_l-pelvis_tilt_l.KV 	0.25756075	0.25800122	0.00036764772	
S11000.iliopsoas_l-hamstrings_l.KL  	-1.0167605	-1.020758	0.0040549462	
S11000.iliopsoas_l-hamstrings_l.L0  	0.98908476	0.98886812	0.00070164252	
S11000.hamstrings_l.KF              	-0.23076133	-0.22991238	0.00096397404	
S11000.glut_max_l.KF                	0.49864354	0.49920448	0.0005024411	
S11000.iliopsoas_r.KL               	0.15768988	0.15730342	0.00043219544	
S11000.iliopsoas_r.L0               	0.19117928	0.19130857	0.00087376122	
S11000.iliopsoas_r-pelvis_tilt_r.P0 	-0.11100719	-0.11092043	0.0001482567	
S11000.iliopsoas_r-pelvis_tilt_r.KP 	0.90683061	0.90501718	0.0015070228	
S11000.iliopsoas_r-pelvis_tilt_r.KV 	0.25666865	0.25688519	0.00036760336	
S11000.iliopsoas_r-hamstrings_r.KL  	-0.68050918	-0.68245639	0.0036938535	
S11000.iliopsoas_r-hamstrings_r.L0  	0.96721661	0.96718987	0.000626924	
S11000.hamstrings_r.KF              	-0.37239604	-0.37312958	0.00096668271	
S11000.glut_max_r.KF                	0.46084959	0.46146616	0.00053798437	
