generation	best_fitness	median_fitness	predicted_fitness	fitness_progress
0	15.5065	20.5749	0	0
1	14.5776	15.7176	-449.883	0.0637227
2	13.88	15.7578	-392.738	0.0569229
3	14.0757	15.5297	-335.477	0.0498404
4	13.8239	14.9889	-167.695	0.0254481
5	13.9487	17.0164	-111.971	0.0178386
6	13.7561	15.6087	-57.5187	0.0101009
7	13.8712	20.0199	-28.7406	0.00606582
8	13.9238	15.5867	-11.7417	0.00365195
9	14.0391	15.6079	-1.62829	0.0022152
10	13.9304	15.9926	10.8428	0.000441026
11	13.6436	15.6234	-0.371482	0.00203293
12	13.8599	17.295	6.6935	0.00102827
13	13.753	16.9664	2.98094	0.00155323
14	13.9039	15.7084	6.66483	0.00102933
15	13.9479	15.5686	9.02475	0.000693793
16	13.9469	14.5017	11.3189	0.000369427
17	13.8667	20.1873	11.3994	0.000356889
18	13.661	20.1462	9.91426	0.000565248
19	13.9408	15.6444	11.3895	0.000357016
20	14.3359	21.0819	12.8303	0.000153451
21	14.2266	15.7402	13.8071	1.68292e-05
22	14.3062	15.8662	15.0641	-0.000159244
23	13.8465	15.7462	14.8326	-0.000126855
24	13.9574	16.0894	15.3176	-0.000195339
25	13.8393	16.3852	14.8361	-0.000126839
26	13.8418	19.8121	14.2091	-3.95521e-05
27	13.8085	14.9437	13.3514	7.83603e-05
28	13.8813	15.7518	13.2595	9.01733e-05
29	13.8968	15.0774	13.4719	6.07181e-05
30	13.9352	15.6353	13.6631	3.35664e-05
31	13.9382	15.6125	14.0888	-2.41767e-05
32	14.2757	15.6475	14.3838	-6.41932e-05
33	13.8647	18.1092	14.0895	-2.41761e-05
34	13.853	15.4689	13.5793	4.52252e-05
35	13.8021	14.3381	13.5722	4.59662e-05
36	13.9517	15.6677	13.8981	7.99774e-07
37	14.3156	20.6723	14.0475	-1.82647e-05
38	13.8659	15.6641	13.7533	2.06794e-05
39	14.0182	20.5498	14.048	-1.82644e-05
40	14.0518	15.568	14.0655	-1.91246e-05
41	13.9341	14.4317	14.1282	-2.76962e-05
42	14.1855	18.2049	14.324	-5.45173e-05
43	13.8408	15.7034	14.0915	-2.25062e-05
44	13.9197	15.6463	13.9771	-7.13683e-06
45	13.9451	14.6249	14.0538	-1.7224e-05
46	13.8962	14.332	14.0404	-1.5569e-05
47	14.0947	19.7836	14.2731	-4.75145e-05
48	14.001	14.7959	14.5011	-7.93991e-05
49	13.8272	14.2115	14.3325	-5.57544e-05
50	13.9369	15.1007	14.4405	-7.14809e-05
51	13.9857	15.0197	14.6173	-9.54348e-05
52	13.9248	15.0985	14.5624	-8.79328e-05
53	13.9484	14.306	14.2759	-4.74874e-05
54	14.0467	15.5662	14.5704	-8.86627e-05
55	13.8874	14.4352	14.2772	-4.74851e-05
56	13.9789	14.3045	14.5343	-8.35559e-05
57	14.0066	15.7377	14.6408	-9.7532e-05
58	13.8786	15.6921	14.5181	-8.10342e-05
59	13.8935	14.7499	14.2799	-4.74806e-05
60	14.1734	15.4019	14.5203	-8.10277e-05
61	13.87	14.44	14.2812	-4.74783e-05
62	14.0156	15.175	14.5226	-8.10211e-05
63	14.058	15.6762	14.649	-9.75034e-05
64	13.9135	14.5165	14.5805	-8.8337e-05
65	13.8805	14.265	14.5127	-7.92227e-05
66	13.7795	14.3597	14.384	-6.15313e-05
67	13.9605	15.0753	14.4308	-6.7666e-05
68	13.7534	24.2082	14.3144	-5.18071e-05
69	13.9062	14.114	14.236	-4.12037e-05
70	13.8396	29.3855	14.215	-3.84024e-05
71	13.8263	14.9688	14.1214	-2.63221e-05
72	13.8673	15.0091	13.9892	-8.90547e-06
73	13.9529	15.8693	14.0009	-1.01326e-05
74	13.9182	15.712	13.9312	-9.3818e-07
75	13.858	15.0144	13.8734	6.40572e-06
76	13.8073	17.4239	13.8145	1.42044e-05
77	13.8113	14.5352	13.7755	1.93763e-05
78	13.8299	15.6624	13.7365	2.45256e-05
79	14.0503	15.7718	13.775	1.93766e-05
80	13.7914	14.413	13.7294	2.53307e-05
81	13.8797	14.2413	13.7047	2.83391e-05
82	13.8433	14.3909	13.6861	3.06843e-05
83	14.0146	15.6673	13.7039	2.83399e-05
84	13.9782	19.2701	13.7344	2.45274e-05
85	13.9128	14.4359	13.7514	2.23524e-05
86	13.9715	15.6658	13.7912	1.70245e-05
87	13.9816	14.454	13.8193	1.33229e-05
88	13.908	14.9802	13.802	1.55329e-05
89	13.9347	21.1837	13.8422	1.01474e-05
90	13.872	14.3396	13.8016	1.55331e-05
91	13.9561	14.3016	13.812	1.42189e-05
92	13.8856	14.5386	13.769	1.98185e-05
93	13.8933	14.2239	13.7334	2.44127e-05
94	14.0149	15.6114	13.7684	1.98189e-05
95	13.8694	15.1414	13.7548	2.15363e-05
96	13.7992	15.8016	13.7119	2.70401e-05
97	13.7663	14.5149	13.6764	3.14522e-05
98	13.9327	14.5953	13.7112	2.70408e-05
99	13.8489	14.249	13.6755	3.14532e-05
100	13.8124	14.3023	13.6583	3.35527e-05
101	13.7875	14.2997	13.6134	3.95262e-05
102	13.8631	14.2943	13.5735	4.45793e-05
103	13.8591	14.2539	13.5515	4.71787e-05
104	13.8332	14.2438	13.5283	5.01551e-05
105	13.7831	14.1418	13.5097	5.1692e-05
106	13.7278	16.8297	13.4668	5.66647e-05
107	13.7129	14.4091	13.4162	6.36213e-05
108	13.7041	14.1127	13.3935	6.64343e-05
109	13.8171	14.4224	13.3646	7.02571e-05
110	13.7352	15.6604	13.3354	7.39989e-05
111	13.663	14.2003	13.306	7.73012e-05
112	13.8703	15.7934	13.325	7.50428e-05
113	13.6738	15.7267	13.3038	7.73072e-05
114	13.9412	15.8495	13.3229	7.50484e-05
115	13.6024	20.0097	13.3017	7.73132e-05
116	13.8261	15.8738	13.2749	8.02618e-05
117	14.1114	15.7441	13.3032	7.68778e-05
118	13.7931	14.353	13.2727	8.02683e-05
119	13.6372	18.0572	13.2377	8.44545e-05
120	13.8762	14.9331	13.2704	8.02747e-05
121	13.7297	17.3886	13.2354	8.44616e-05
122	13.6472	15.4414	13.214	8.70342e-05
123	13.652	14.1706	13.1775	9.12554e-05
124	13.5919	15.5233	13.1663	9.24174e-05
125	13.6622	15.6111	13.1481	9.44536e-05
126	13.7136	15.6574	13.1127	9.85199e-05
127	13.7285	15.1373	13.0801	0.000102356
128	13.6431	14.9038	13.0634	0.00010418
129	13.6444	14.938	13.0382	0.000107039
130	13.753	14.4026	13.0071	0.00011065
131	13.6658	15.6661	12.9634	0.000116249
132	13.7227	18.0436	12.9262	0.000120588
133	13.6874	13.983	12.9179	0.00012128
134	13.666	15.5753	12.9033	0.000122791
135	13.7764	17.5219	12.8792	0.000125808
136	13.6782	14.3112	12.8387	0.000130759
137	13.6788	14.8229	12.8074	0.000134525
138	13.6894	15.0641	12.7763	0.000138059
139	13.6501	14.0916	12.7463	0.00014121
140	13.7218	15.5695	12.734	0.000142536
141	13.6188	20.0752	12.6941	0.000147085
142	13.7168	15.6307	12.6924	0.000147158
143	13.7357	15.0202	12.7144	0.000144347
144	13.6456	15.576	12.6659	0.000149831
145	13.7558	14.1056	12.6891	0.000147112
146	13.714	13.9447	12.6859	0.000147532
147	13.7432	13.9356	12.695	0.000146097
148	13.6449	14.0558	12.6545	0.000150736
149	13.7457	14.3693	12.6826	0.000147241
