generation	best_fitness	median_fitness	predicted_fitness	fitness_progress
0	15.2176	20.6158	0	0
1	15.2056	15.7146	9.23419	0.000785424
2	15.3244	16.0058	42.0313	-0.00349163
3	15.3687	16.4065	41.3187	-0.00338763
4	14.8166	16.047	32.7552	-0.00227363
5	14.8964	15.9161	9.18641	0.00078666
6	14.8867	15.6046	-14.2029	0.00387032
7	15.0656	15.7309	-11.8616	0.00355762
8	14.7942	15.7324	-10.5406	0.00338273
9	15.0707	30.3618	0.611196	0.00190372
10	15.0695	21.8174	4.96696	0.00133046
11	15.2128	16.0232	10.1937	0.000643775
12	15.1813	25.0157	21.3481	-0.000826109
13	15.3484	23.4373	32.5471	-0.00230133
14	14.949	20.6727	24.1651	-0.00119059
15	15.5522	18.2223	32.6163	-0.00229605
16	15.0471	16.134	24.201	-0.00118918
17	15.0339	18.2016	16.0526	-0.000128337
18	15.4411	31.1306	25.1444	-0.00130492
19	15.2854	21.6049	26.4681	-0.00147618
20	15.1524	15.8313	23.3463	-0.00106743
21	15.052	16.9347	19.0979	-0.0005205
22	14.7727	18.4404	17.5326	-0.000317516
23	15.0456	19.8295	15.5864	-6.67077e-05
24	14.9167	20.698	15.0709	-1.89856e-07
25	15.1541	23.6165	15.2917	-2.85203e-05
26	15.4011	15.9098	16.0706	-0.000128257
27	14.9446	15.6244	15.2925	-2.85195e-05
28	14.4441	17.5137	13.8781	0.000153455
29	14.8166	15.8093	13.3556	0.000220456
30	14.9005	16.0697	12.3893	0.000343585
31	14.7797	15.7905	11.3886	0.000471817
32	14.3368	15.5397	10.0931	0.000638258
33	15.0579	26.5289	10.802	0.000545758
34	14.8028	19.4304	9.91971	0.000658482
35	14.4883	16.7494	9.03273	0.0007707
36	14.7542	30.687	8.1142	0.000887709
37	14.2425	15.5603	7.4847	0.000967365
38	14.9841	20.0427	8.08755	0.000888498
39	14.6382	16.3964	7.45567	0.000968302
40	14.0774	16.9028	6.79651	0.00105136
41	14.8657	27.4731	7.42665	0.000969241
42	14.4369	28.5026	6.76502	0.00105247
43	14.8557	21.8825	7.39762	0.000970181
44	14.5879	29.4097	6.73353	0.00105357
45	14.6729	20.7422	6.83516	0.00103924
46	15.0748	21.064	7.14697	0.000998138
47	14.7648	15.5025	7.73698	0.000921674
48	14.3214	19.9475	7.11715	0.000999135
49	14.0244	15.6313	6.77306	0.0010414
50	14.6389	30.4989	7.08068	0.00100098
51	14.2014	16.8647	6.4986	0.00107337
52	15.4664	32.646	7.05083	0.00100198
53	14.3312	15.5103	6.46664	0.00107453
54	14.0724	25.2397	6.23937	0.00110181
55	14.2389	21.717	6.12948	0.00111437
56	14.3699	30.9071	5.84226	0.00114936
57	13.9484	28.01	5.55195	0.00118471
58	14.4228	15.8309	5.68752	0.00116607
59	14.1458	15.2921	5.47922	0.00119088
60	14.1624	19.6675	5.23887	0.00121968
61	14.3879	23.8589	5.4817	0.00118752
62	13.9464	28.8926	5.30598	0.00120808
63	14.2444	15.6087	5.31679	0.00120535
64	15.0891	18.4263	5.364	0.00119801
65	14.7346	15.7519	5.55322	0.0011726
66	14.9908	15.558	5.68598	0.00115416
67	14.82	21.1945	5.87492	0.00112892
68	14.3335	15.6438	5.95297	0.00111763
69	14.4139	15.6825	5.99512	0.00111089
70	14.9041	17.5926	6.1735	0.00108719
71	14.4204	16.326	6.46941	0.00104918
72	14.5424	18.291	6.88164	0.000995984
73	14.4214	18.2831	7.01868	0.000977433
74	13.9441	21.1135	6.87799	0.000993727
75	14.4427	15.6594	6.9571	0.000982489
76	14.3863	15.8636	7.25507	0.000944369
77	14.6801	24.3462	7.39392	0.000925796
78	14.1127	18.4868	7.22724	0.000945261
79	14.1798	16.3097	7.33829	0.000930074
80	14.1211	15.699	7.27986	0.000936234
81	14.2691	17.3234	7.58981	0.000895119
82	14.1699	27.4921	7.53914	0.000900314
83	14.4789	15.4881	7.6582	0.000884555
84	14.2609	20.2404	7.75918	0.000870644
85	14.1748	30.011	7.83282	0.000860758
86	14.119	18.7545	7.73801	0.00087086
87	13.9231	31.4577	7.65603	0.000879882
88	14.7091	18.3158	7.71757	0.00087099
89	14.3627	15.3876	7.83885	0.000855273
90	14.3868	15.6562	8.03863	0.000829769
91	14.086	19.3787	7.87102	0.000849025
92	14.0677	15.3458	7.77314	0.000860203
93	14.1089	18.0659	7.82963	0.000851839
94	14.6263	18.0497	7.92969	0.000838375
95	13.9704	18.68	7.9354	0.000836567
96	14.0618	18.0148	7.97196	0.000831084
97	14.3455	21.8093	8.01059	0.00082533
98	14.3133	17.9696	8.06437	0.000817444
99	14.5417	19.9353	8.14535	0.000806321
100	14.379	20.9267	8.21495	0.000796626
101	14.175	23.1426	8.20709	0.000796941
102	14.1264	31.5788	8.23393	0.000792823
103	14.4867	23.0173	8.3007	0.000783374
104	14.1189	35.143	8.32275	0.000779724
105	14.4922	29.4266	8.4117	0.000767804
106	14.148	15.5025	8.67095	0.00073512
107	14.1734	15.6696	8.96211	0.000699103
108	13.9875	15.2647	8.93469	0.000701379
109	14.1885	20.8941	8.98232	0.000694596
110	14.069	15.7032	9.10101	0.000678476
111	14.277	19.2033	9.1798	0.00066795
112	13.8778	15.6714	9.13712	0.000672201
113	14.0026	21.6821	9.10145	0.000675428
114	14.0586	16.1421	9.1307	0.000671069
115	14.0585	18.6319	9.14513	0.000668323
116	14.0617	16.3481	9.19497	0.00066134
117	13.7727	16.1529	9.12566	0.00066877
118	13.8049	15.5203	9.10279	0.000670575
119	13.8636	22.5265	9.10708	0.000669012
120	13.8928	15.6563	9.07686	0.000671773
121	13.8188	27.945	9.02802	0.000676507
122	13.8518	14.5908	8.97615	0.000681764
123	13.9771	17.4472	9.03299	0.000674008
124	14.1122	15.7098	9.03229	0.000673312
125	14.6934	16.8878	9.11886	0.000661558
126	14.3904	15.8516	9.1202	0.000660554
127	14.2631	35.6139	9.168	0.000653652
128	14.1539	18.0715	9.17184	0.000652242
129	14.0071	24.0412	9.20038	0.000648386
130	14.1605	16.0619	9.22612	0.000644869
131	14.0938	20.8382	9.25722	0.000640109
132	14.4725	15.7644	9.3039	0.000633268
133	14.311	18.3128	9.39006	0.000621349
134	14.3066	17.9944	9.40805	0.000618481
135	13.904	15.7058	9.47314	0.000609571
136	13.9948	14.9306	9.52659	0.000602391
137	14.2968	20.7547	9.575	0.000595766
138	14.0227	17.6827	9.63131	0.00058835
139	14.1885	17.8394	9.67861	0.000582016
140	13.9593	21.5792	9.69162	0.000579735
141	14.2706	18.4936	9.74546	0.000572828
142	14.1867	15.41	9.81819	0.000563512
143	14.262	15.9495	9.8926	0.0005537
144	13.9897	24.9159	9.94302	0.000547041
145	13.9517	16.0908	10.0015	0.000539669
146	13.9857	15.7042	10.0299	0.000535465
147	14.0181	16.0281	10.0958	0.000527017
148	14.1664	31.422	10.1219	0.000523122
149	13.8259	15.5772	10.1313	0.000520883
