generation	best_fitness	median_fitness	predicted_fitness	fitness_progress
0	16.654	36.8943	0	0
1	15.7659	18.8392	-428.271	0.0563286
2	15.9163	31.0036	-168.512	0.0229093
3	17.0544	21.2676	91.7406	-0.00916262
4	16.6444	19.9939	127.437	-0.0135843
5	15.9568	17.7869	49.1758	-0.00402503
6	16.0633	17.2074	-15.4248	0.00388244
7	15.7025	18.0869	-50.0443	0.00816288
8	16.8208	32.9255	-12.4577	0.00351825
9	16.48	17.3456	28.8733	-0.00155025
10	15.4958	31.9395	-3.7714	0.00244697
11	16.6335	38.2922	28.9235	-0.00154785
12	15.8146	17.057	14.3389	0.000212178
13	15.676	19.178	-5.2816	0.00262771
14	15.5777	17.1676	-8.52062	0.00302635
15	15.489	17.0227	-15.53	0.0038906
16	15.6814	17.9791	-14.8787	0.00380861
17	15.936	17.9066	-13.2586	0.0036052
18	16.2671	18.7623	-5.0787	0.00259398
19	16.3546	34.2109	-1.33287	0.00212926
20	15.6425	18.309	-1.47737	0.00214496
21	16.4177	17.5427	2.75136	0.00162158
22	16.1441	16.9549	5.31975	0.00130548
23	15.9799	17.2078	11.5979	0.000538009
24	15.5071	18.4295	6.4276	0.00116681
25	16.1925	17.7902	11.5807	0.000538299
26	15.7173	17.2617	10.1198	0.000715242
27	15.8213	16.9007	11.0914	0.000594165
28	16.3697	18.4298	12.7967	0.000385131
29	15.4845	16.5597	12.5256	0.000415287
30	15.5747	16.9241	11.262	0.000569158
31	15.4817	17.1315	8.89809	0.000854427
32	15.3549	17.2388	6.34708	0.001164
33	15.9799	22.3588	7.34419	0.00104135
34	15.7872	16.9977	8.43818	0.000908432
35	15.3404	16.879	6.85251	0.00109829
36	15.7901	18.3259	8.4093	0.000909258
37	15.8053	16.272	8.99429	0.000838436
38	15.5768	16.3389	8.34633	0.000914173
39	15.4892	20.7998	7.4278	0.00102398
40	15.6498	16.6459	8.31732	0.00091501
41	15.5083	20.9981	7.94219	0.000958554
42	15.5503	16.9352	8.39454	0.000903159
43	15.2483	27.3685	7.87745	0.000963645
44	15.3995	16.1292	6.93975	0.00107656
45	15.2903	21.2884	6.64997	0.00110925
46	15.6361	16.5361	7.29931	0.0010293
47	15.4206	16.7156	7.49944	0.00100343
48	15.6395	16.2953	7.84774	0.000960307
49	15.4455	16.8024	7.85347	0.000958297
50	15.5818	20.9748	8.04479	0.000934335
51	15.3577	16.1673	7.87115	0.000953448
52	15.7592	16.7821	8.01531	0.000935208
53	15.5587	16.4241	8.29687	0.000900308
54	15.4287	16.1726	8.66501	0.00085409
55	15.4776	16.4097	9.30984	0.000774708
56	15.3813	16.3332	9.37573	0.000764542
57	15.6021	20.2225	9.56314	0.000741096
58	15.3984	16.4132	9.62841	0.000732527
59	15.095	16.086	9.41619	0.000756851
60	15.618	21.4015	9.71023	0.00072009
61	15.2056	16.1868	9.56108	0.000736734
62	15.364	16.7104	9.68762	0.000720609
63	15.2822	19.8704	9.59542	0.000730244
64	15.4542	16.5558	9.87934	0.000694714
65	14.9278	18.513	9.57253	0.000730778
66	15.1382	16.454	9.43987	0.000745151
67	15.4059	16.0468	9.59655	0.000725595
68	14.9883	17.0656	9.41655	0.000745706
69	15.6532	29.0664	9.64859	0.000717032
70	15.3294	15.88	9.84415	0.000692482
71	15.009	15.7859	9.62617	0.000717546
72	15.2398	30.138	9.69669	0.00070832
73	15.2469	16.4262	9.65748	0.00071244
74	14.7001	20.4599	9.39083	0.000743345
75	15.382	15.9154	9.63521	0.000712948
76	15.0022	16.2091	9.3676	0.000743898
77	15.1161	24.5182	9.3749	0.000741256
78	15.0483	18.7584	9.08722	0.000773921
79	15.0265	18.2193	8.94655	0.000789684
80	14.9864	19.7475	8.85156	0.000799858
81	15.3281	19.0536	8.98934	0.000782221
82	15.1435	23.1383	9.19364	0.000756718
83	15.3767	29.7359	9.30684	0.000742753
84	15.4628	19.3007	9.439	0.000726366
85	15.1212	16.3615	9.5239	0.000715498
86	15.475	16.1042	9.68121	0.000695548
87	14.9427	20.589	9.50164	0.00071601
88	15.0506	23.4806	9.45758	0.000719952
89	15.1659	18.6802	9.64437	0.000696585
90	15.3538	23.6486	9.70308	0.000688624
91	15.1811	18.4597	9.77573	0.0006794
92	15.261	16.1909	9.84179	0.00067055
93	15.3173	15.875	9.87026	0.000666193
94	15.1474	16.3159	9.97353	0.000652773
95	15.0408	17.6137	10.0784	0.000639334
96	15.1662	18.9192	10.1372	0.000631621
97	15.5333	17.6699	10.1838	0.000624938
98	15.4129	16.225	10.2517	0.000616013
99	15.5173	17.7099	10.3072	0.000608992
100	15.4043	16.4597	10.3106	0.000608219
101	15.3025	16.1949	10.3854	0.000599599
102	15.4091	16.1332	10.4838	0.000587716
103	15.7453	16.3563	10.5205	0.000582726
104	15.7672	16.1686	10.5776	0.000575126
105	15.5626	15.9752	10.619	0.000569629
106	15.6388	16.069	10.7816	0.000550184
107	15.3521	15.8913	10.9187	0.000533354
108	15.2395	16.1142	10.9549	0.000528464
109	15.2104	18.258	11.0203	0.00052054
110	15.3742	16.2408	11.2142	0.00049779
111	15.5859	15.9998	11.3187	0.000485217
112	15.267	15.8116	11.4568	0.00046919
113	15.443	16.078	11.6257	0.000449655
114	15.2443	16.0434	11.68	0.000442755
115	15.2456	16.4474	11.7519	0.000433726
116	15.298	16.1835	11.7961	0.000427868
117	14.7421	15.8608	11.7385	0.000433914
118	14.861	15.847	11.6525	0.000443147
119	15.0434	20.0376	11.6328	0.000444727
120	14.8773	15.9989	11.6121	0.000446442
121	15.2281	16.2923	11.619	0.000444925
122	14.9533	15.9677	11.5983	0.000446642
123	14.7146	15.6119	11.5463	0.000451516
124	14.786	16.3067	11.3887	0.000468344
125	14.8327	15.8244	11.3232	0.000474718
126	14.7994	18.2951	11.1946	0.00048817
127	15.2166	19.7149	11.3085	0.000474943
128	14.7638	15.8844	11.1795	0.000488409
129	14.8473	15.4985	11.167	0.00048886
