pelvis_tilt.offset                  	-0.073085087	-0.069799341	0.0033141738	
hip_flexion_r.offset                	0.13989836	0.14174097	0.0034020764	
knee_angle_r.offset                 	0.040145018	0.043455801	0.0031088796	
ankle_angle_r.offset                	0.073390836	0.067748277	0.003299191	
hip_flexion_l.offset                	0.0044244295	0.0084177345	0.0031801095	
knee_angle_l.offset                 	0.056583407	0.059133622	0.0031488444	
ankle_angle_l.offset                	0.0073010557	0.0059984068	0.0032941426	
leg0_l.stance_load_threshold        	0.18975624	0.19101799	0.0032462639	
leg1_r.stance_load_threshold        	0.1342696	0.13259163	0.0032960275	
S11111.tib_ant_l.KL                 	1.5516403	1.5619549	0.036488358	
S11111.tib_ant_l.L0                 	0.84288976	0.82680205	0.0085305325	
S11111.tib_ant_l-soleus_l.KF        	-0.055592403	-0.052111166	0.010527504	
S11111.tib_ant_r.KL                 	1.9981225	2.0394051	0.036698547	
S11111.tib_ant_r.L0                 	0.88996298	0.88986053	0.0087185301	
S11111.tib_ant_r-soleus_r.KF        	-0.16902916	-0.16312188	0.010254513	
S00111.soleus_l.KF                  	0.91113108	0.88523001	0.022600582	
S00111.gastroc_l.KF                 	1.3252973	1.3627315	0.019628385	
S00111.soleus_r.KF                  	0.80518663	0.8095231	0.021824918	
S00111.gastroc_r.KF                 	1.3452244	1.3678176	0.01889389	
S00011.vasti_l.KF                   	1.0050285	1.0142206	0.01943191	
S00011.vasti_l.C0                   	0.054699448	0.055009752	0.0020723992	
S00011.vasti_l-knee_angle.pos_max   	-0.15055562	-0.14559228	0.005357181	
S00011.hamstrings_l-pelvis_tilt_l.KP	1.0954762	1.0516325	0.055880687	
S00011.hamstrings_l-pelvis_tilt_l.KV	0.50371551	0.48845114	0.007952893	
S00011.hamstrings_l-pelvis_tilt_l.C0	-0.040764275	-0.044736186	0.0031172884	
S00011.glut_max_l-pelvis_tilt_l.KP  	0.82132805	0.75751995	0.060261196	
S00011.glut_max_l-pelvis_tilt_l.KV  	0.76417038	0.76332681	0.011116816	
S00011.glut_max_l-pelvis_tilt_l.C0  	-0.043044681	-0.042935394	0.0037045853	
S00011.iliopsoas_l-pelvis_tilt_l.KP 	-1.4375613	-1.4832079	0.065037803	
S00011.iliopsoas_l-pelvis_tilt_l.KV 	-0.75113433	-0.75304223	0.0078720273	
S00011.iliopsoas_l-pelvis_tilt_l.C0 	0.21437699	0.21134218	0.0035780048	
S00011.vasti_r.KF                   	1.0978832	1.1073276	0.019850188	
S00011.vasti_r.C0                   	0.020095107	0.018699781	0.0021255557	
S00011.vasti_r-knee_angle.pos_max   	-0.1046184	-0.10741447	0.0056965763	
S00011.hamstrings_r-pelvis_tilt_r.KP	0.81564432	0.76939978	0.05662998	
S00011.hamstrings_r-pelvis_tilt_r.KV	0.51020076	0.53074978	0.0080952999	
S00011.hamstrings_r-pelvis_tilt_r.C0	0.018687717	0.016886317	0.003115477	
S00011.glut_max_r-pelvis_tilt_r.KP  	1.386513	1.297811	0.059000093	
S00011.glut_max_r-pelvis_tilt_r.KV  	0.91522949	0.90241758	0.011482047	
S00011.glut_max_r-pelvis_tilt_r.C0  	-0.027325882	-0.026145924	0.0036074967	
S00011.iliopsoas_r-pelvis_tilt_r.KP 	-2.5022024	-2.5646277	0.065440792	
S00011.iliopsoas_r-pelvis_tilt_r.KV 	-0.85319915	-0.83738993	0.0080530088	
S00011.iliopsoas_r-pelvis_tilt_r.C0 	0.20177967	0.20206838	0.0036627468	
S00100.iliopsoas_l.C0               	0.67075616	0.68784936	0.010704411	
S00100.glut_max_l.C0                	-0.30784766	-0.29196751	0.0080228176	
S00100.iliopsoas_r.C0               	0.41670096	0.40851241	0.010376242	
S00100.glut_max_r.C0                	-0.20732044	-0.20040935	0.0077266082	
S11000.iliopsoas_l.KL               	0.23786372	0.22703513	0.010574386	
S11000.iliopsoas_l.L0               	0.22838391	0.19388797	0.019404932	
S11000.iliopsoas_l-pelvis_tilt_l.P0 	-0.11153338	-0.10898512	0.003187514	
S11000.iliopsoas_l-pelvis_tilt_l.KP 	0.78537936	0.77476159	0.038699759	
S11000.iliopsoas_l-pelvis_tilt_l.KV 	0.39526763	0.40111817	0.0090077406	
S11000.iliopsoas_l-hamstrings_l.KL  	-1.480118	-1.5217075	0.098072856	
S11000.iliopsoas_l-hamstrings_l.L0  	0.87062578	0.88819903	0.016017191	
S11000.hamstrings_l.KF              	-0.4889051	-0.50153289	0.021674237	
S11000.glut_max_l.KF                	0.49956029	0.46664563	0.011934228	
S11000.iliopsoas_r.KL               	0.46376881	0.44579893	0.01059936	
S11000.iliopsoas_r.L0               	0.78051667	0.75214343	0.020180857	
S11000.iliopsoas_r-pelvis_tilt_r.P0 	-0.050989101	-0.056672056	0.0032336539	
S11000.iliopsoas_r-pelvis_tilt_r.KP 	1.2030967	1.2296078	0.036302689	
S11000.iliopsoas_r-pelvis_tilt_r.KV 	0.14915402	0.14904522	0.0092144886	
S11000.iliopsoas_r-hamstrings_r.KL  	-1.2406012	-1.226512	0.1030842	
S11000.iliopsoas_r-hamstrings_r.L0  	0.75423897	0.75105967	0.015360257	
S11000.hamstrings_r.KF              	-0.22330938	-0.22266794	0.021540023	
S11000.glut_max_r.KF                	0.4216658	0.42060076	0.011711436	
