generation	best_fitness	median_fitness	predicted_fitness	fitness_progress
0	0.709779	0.765691	0	0
1	0.705834	0.718889	-1.26648	0.00558861
2	0.69429	6.07088	-3.17796	0.0110927
3	0.693584	0.709678	-2.18782	0.00824514
4	0.689579	0.705301	-1.83538	0.00724361
5	0.680114	0.698894	-2.01636	0.00778319
6	0.677806	0.69636	-1.98659	0.00771029
7	0.666161	0.695051	-2.03222	0.00785909
8	0.659146	0.689972	-2.21717	0.00842538
9	0.660139	0.679637	-2.21446	0.00843067
10	0.650127	0.671777	-2.29273	0.00869098
11	0.598332	0.666282	-2.43514	0.00913082
12	0.593222	0.700667	-2.47936	0.00929042
13	0.59508	25.4123	-2.62393	0.00975679
14	0.580047	0.687764	-2.80987	0.0103472
15	0.594276	25.4238	-2.88904	0.0106359
16	0.591929	3.53053	-3.11058	0.0113963
17	0.585046	0.65346	-3.2158	0.0117754
18	0.587065	0.65035	-3.14232	0.0115836
19	0.585624	0.646744	-3.06025	0.0113364
20	0.587014	0.710447	-2.97852	0.0110926
21	0.580935	0.673721	-2.93094	0.0109851
22	0.586306	0.642958	-2.80914	0.0106174
23	0.590029	3.54664	-2.73645	0.010417
24	0.586635	0.643739	-2.35861	0.00924102
25	0.582206	0.622053	-1.98195	0.0080569
26	0.578238	0.644624	-1.39167	0.00627874
27	0.583485	0.648088	-1.25131	0.0058668
28	0.585753	0.64934	-0.680964	0.00411951
29	0.577889	0.652504	-0.478816	0.00348203
30	0.580516	0.643861	-0.338818	0.00303648
31	0.575112	0.591138	-0.24796	0.00274447
32	0.57662	0.643162	-0.220782	0.0026554
33	0.574807	0.628852	-0.150548	0.00242638
34	0.5766	16.6237	-0.0889217	0.00222529
35	0.579958	0.647584	-0.0603244	0.00213057
36	0.580189	0.66925	-0.0383954	0.00205741
37	0.57873	0.674151	-7.95722e-05	0.00193076
38	0.573767	3.17661	0.0173641	0.00187205
39	0.579598	0.647005	0.0397003	0.00179736
40	0.575097	0.630042	0.055473	0.00174403
41	0.573832	0.639068	0.0652391	0.00171032
42	0.581177	54.158	0.0879528	0.00163436
43	0.580533	0.618028	0.099948	0.00159349
44	0.580951	0.64193	0.113721	0.00154669
45	0.584057	32.768	0.142375	0.00145236
46	0.584371	0.597919	0.154959	0.0014098
47	0.579707	0.622431	0.180025	0.00132653
48	0.577786	0.589069	0.18713	0.00130229
49	0.585169	0.67128	0.204916	0.00124262
50	0.577266	0.59218	0.223578	0.0011804
51	0.577383	20.6969	0.242221	0.00111865
52	0.576723	0.64216	0.249277	0.00109445
53	0.574106	0.613864	0.256382	0.00107017
54	0.580119	0.642998	0.268145	0.00103105
55	0.572536	0.634188	0.290093	0.000959454
56	0.57331	3.13574	0.304736	0.000911232
57	0.57031	0.622363	0.312354	0.00088492
58	0.574787	14.2102	0.323748	0.000846357
59	0.575795	0.690577	0.330831	0.000822245
60	0.566421	0.647729	0.326885	0.000833421
61	0.565723	0.656204	0.330592	0.000819985
62	0.573697	0.692616	0.337956	0.000795489
63	0.573174	13.9218	0.345828	0.000768964
64	0.578277	0.699082	0.352632	0.000746465
65	0.577479	0.645077	0.362277	0.000714466
66	0.571983	0.642595	0.370889	0.000685559
67	0.577325	18.3175	0.383815	0.000642337
68	0.577694	0.635884	0.391831	0.000615253
69	0.576812	0.634924	0.399386	0.000589403
70	0.576648	0.586458	0.403841	0.000573957
71	0.57731	0.59149	0.407606	0.000560605
72	0.572839	0.606042	0.409556	0.000553429
73	0.569043	16.8359	0.409203	0.000553516
74	0.570396	0.63497	0.414059	0.000536941
75	0.571436	0.627405	0.41512	0.0005328
76	0.569464	0.649412	0.415716	0.00052999
77	0.571104	0.580971	0.41618	0.000527655
78	0.569844	0.624895	0.417276	0.00052349
79	0.56512	12.6178	0.415236	0.000529
80	0.567876	0.651644	0.413966	0.00053216
81	0.563766	0.617706	0.409313	0.000546235
82	0.572006	13.3175	0.413348	0.000532444
83	0.564891	0.681757	0.408679	0.000546534
84	0.565173	0.651903	0.406551	0.000552503
85	0.564147	0.629347	0.402902	0.000563319
86	0.563601	0.617781	0.401661	0.000566447
87	0.565932	0.647398	0.402148	0.000563965
88	0.568218	0.596833	0.403345	0.000559273
89	0.565742	0.576778	0.40383	0.000557011
90	0.562485	0.621277	0.401592	0.000563117
91	0.563169	0.572181	0.400795	0.000564749
92	0.560448	0.658957	0.39917	0.000569068
93	0.567296	0.623524	0.400202	0.00056487
94	0.558824	3.57036	0.398511	0.000569392
95	0.56269	0.625382	0.395742	0.000577293
96	0.561447	0.56711	0.394485	0.000580399
97	0.560313	0.615103	0.393343	0.000583134
98	0.561647	0.672977	0.392129	0.000586136
99	0.563878	0.639524	0.393853	0.000579715
100	0.555464	0.648403	0.391452	0.00058648
101	0.561684	0.61439	0.393183	0.000580051
102	0.559532	5.0654	0.390774	0.000586824
103	0.561278	0.570482	0.392113	0.000581692
104	0.561927	0.627521	0.392321	0.000580104
105	0.564432	0.596403	0.395137	0.000570326
106	0.562098	0.594333	0.395492	0.000568415
107	0.557866	0.565911	0.39448	0.000570652
108	0.556517	0.59348	0.390983	0.000580778
109	0.559311	0.590585	0.391068	0.000579635
110	0.559643	0.619612	0.391112	0.000578627
111	0.558822	0.646457	0.391534	0.000576571
112	0.554173	0.561619	0.389814	0.000580965
113	0.550824	0.563	0.388969	0.000582768
114	0.551678	0.559453	0.388133	0.000584541
115	0.551351	0.58358	0.385279	0.000592486
116	0.552087	0.560594	0.384376	0.000594337
117	0.553005	0.589022	0.380047	0.000606785
118	0.54925	0.635638	0.377857	0.000612855
119	0.551387	35.8766	0.376051	0.000617576
120	0.551466	0.655172	0.374949	0.000619969
121	0.553513	0.663283	0.374716	0.000619883
122	0.553689	0.559168	0.375032	0.000618172
123	0.554922	0.636282	0.376062	0.000613992
124	0.551561	0.63916	0.374764	0.000617182
125	0.556508	0.610955	0.375776	0.000613024
126	0.555464	0.565569	0.376127	0.000611016
127	0.555174	0.609802	0.375951	0.000610726
128	0.555562	0.612401	0.376704	0.000607591
129	0.552852	0.609029	0.378015	0.000602849
130	0.554684	20.5321	0.378561	0.000600287
131	0.550886	0.560108	0.37895	0.00059833
132	0.550539	0.585846	0.379588	0.000595636
133	0.547678	0.555779	0.378241	0.000598764
134	0.549319	0.559751	0.378313	0.000597858
135	0.548678	0.581984	0.377149	0.000600445
136	0.548887	0.578406	0.377364	0.000599094
137	0.551226	4.8049	0.378374	0.000594862
138	0.548244	0.552637	0.378325	0.00059421
139	0.553453	0.603569	0.379213	0.000590545
140	0.548215	0.562473	0.378577	0.000591665
141	0.548695	0.554172	0.379431	0.000588057
142	0.5536	39.5319	0.379783	0.000586072
143	0.549106	0.664994	0.379429	0.000586338
144	0.552457	0.606612	0.380032	0.00058363
145	0.547717	0.557985	0.379886	0.000583332
146	0.549239	0.561492	0.380486	0.00058057
147	0.548766	0.556025	0.380701	0.00057911
148	0.548655	47.0487	0.381486	0.000576009
149	0.550762	0.606859	0.381696	0.000574504
